mH_GeV      	XS4_ggF      	XS_over_SM     brWW_over_SM    brZZ_over_SM   brGG_over_SM
100.0      	213.68      	9.268      	0.601      	0.612      	0.116      	
105.0      	192.95      	9.245      	0.586      	0.597      	0.117      	
110.0      	174.65      	9.203      	0.574      	0.585      	0.119      	
110.5      	173.00      	9.206      	0.574      	0.585      	0.119      	
111.0      	171.29      	9.196      	0.573      	0.584      	0.120      	
111.5      	169.76      	9.201      	0.572      	0.583      	0.120      	
112.0      	168.11      	9.194      	0.571      	0.582      	0.120      	
112.5      	166.50      	9.194      	0.571      	0.582      	0.121      	
113.0      	164.88      	9.184      	0.570      	0.581      	0.121      	
113.5      	163.30      	9.181      	0.570      	0.581      	0.121      	
114.0      	161.73      	9.178      	0.569      	0.580      	0.122      	
114.5      	160.21      	9.173      	0.569      	0.580      	0.122      	
115.0      	158.73      	9.170      	0.569      	0.580      	0.123      	
115.5      	157.21      	9.165      	0.568      	0.580      	0.123      	
116.0      	155.80      	9.161      	0.568      	0.579      	0.124      	
116.5      	154.32      	9.158      	0.568      	0.579      	0.124      	
117.0      	152.86      	9.151      	0.568      	0.580      	0.125      	
117.5      	151.54      	9.152      	0.568      	0.579      	0.125      	
118.0      	150.09      	9.145      	0.569      	0.580      	0.126      	
118.5      	148.83      	9.150      	0.569      	0.580      	0.126      	
119.0      	147.36      	9.136      	0.569      	0.581      	0.127      	
119.5      	146.19      	9.141      	0.570      	0.581      	0.128      	
120.0      	144.67      	9.129      	0.570      	0.582      	0.129      	
120.5      	143.39      	9.127      	0.571      	0.582      	0.129      	
121.0      	142.20      	9.125      	0.571      	0.583      	0.130      	
121.5      	140.91      	9.122      	0.572      	0.584      	0.131      	
122.0      	139.61      	9.118      	0.573      	0.584      	0.132      	
122.5      	138.26      	9.111      	0.574      	0.585      	0.132      	
123.0      	137.13      	9.107      	0.575      	0.587      	0.133      	
123.5      	136.01      	9.109      	0.576      	0.588      	0.134      	
124.0      	134.75      	9.102      	0.577      	0.589      	0.135      	
124.5      	133.59      	9.101      	0.578      	0.591      	0.136      	
125.0      	132.41      	9.093      	0.580      	0.592      	0.137      	
125.5      	131.14      	9.085      	0.582      	0.594      	0.138      	
126.0      	130.09      	9.086      	0.583      	0.596      	0.139      	
126.5      	128.88      	9.075      	0.585      	0.597      	0.140      	
127.0      	127.79      	9.073      	0.587      	0.599      	0.142      	
127.5      	126.66      	9.068      	0.589      	0.601      	0.143      	
128.0      	125.56      	9.065      	0.591      	0.603      	0.144      	
128.5      	124.49      	9.064      	0.593      	0.606      	0.145      	
129.0      	123.48      	9.061      	0.596      	0.608      	0.147      	
129.5      	122.36      	9.056      	0.598      	0.611      	0.148      	
130.0      	121.35      	9.053      	0.600      	0.613      	0.149      	
130.5      	120.22      	9.041      	0.603      	0.616      	0.151      	
131.0      	119.27      	9.042      	0.605      	0.619      	0.152      	
131.5      	118.32      	9.037      	0.608      	0.621      	0.154      	
132.0      	117.36      	9.037      	0.611      	0.624      	0.156      	
132.5      	116.32      	9.031      	0.614      	0.628      	0.157      	
133.0      	115.39      	9.027      	0.617      	0.631      	0.159      	
133.5      	114.29      	9.016      	0.621      	0.634      	0.161      	
134.0      	113.49      	9.015      	0.624      	0.638      	0.162      	
134.5      	112.57      	9.012      	0.627      	0.641      	0.164      	
135.0      	111.66      	9.009      	0.631      	0.645      	0.166      	
135.5      	110.67      	8.999      	0.634      	0.649      	0.168      	
136.0      	109.83      	9.002      	0.638      	0.653      	0.170      	
136.5      	108.90      	8.997      	0.642      	0.657      	0.172      	
137.0      	107.93      	8.989      	0.646      	0.661      	0.174      	
137.5      	107.14      	8.981      	0.650      	0.665      	0.176      	
138.0      	106.27      	8.981      	0.654      	0.669      	0.179      	
138.5      	105.27      	8.970      	0.659      	0.674      	0.181      	
139.0      	104.41      	8.963      	0.663      	0.678      	0.183      	
139.5      	103.69      	8.968      	0.667      	0.683      	0.186      	
140.0      	102.88      	8.966      	0.672      	0.688      	0.188      	
141.0      	101.14      	8.950      	0.681      	0.697      	0.193      	
142.0      	99.64      	8.947      	0.691      	0.707      	0.199      	
143.0      	97.91      	8.931      	0.701      	0.718      	0.205      	
144.0      	96.52      	8.930      	0.711      	0.729      	0.211      	
145.0      	94.91      	8.916      	0.722      	0.740      	0.217      	
146.0      	93.58      	8.912      	0.733      	0.752      	0.224      	
147.0      	92.05      	8.896      	0.744      	0.764      	0.231      	
148.0      	90.59      	8.887      	0.756      	0.777      	0.239      	
149.0      	89.23      	8.878      	0.768      	0.790      	0.246      	
150.0      	87.85      	8.867      	0.781      	0.803      	0.255      	
151.0      	86.57      	8.857      	0.793      	0.817      	0.264      	
152.0      	85.24      	8.849      	0.807      	0.832      	0.274      	
153.0      	84.00      	8.840      	0.820      	0.847      	0.284      	
154.0      	82.79      	8.830      	0.834      	0.863      	0.296      	
155.0      	81.55      	8.817      	0.849      	0.880      	0.308      	
156.0      	80.39      	8.811      	0.864      	0.897      	0.322      	
157.0      	79.18      	8.797      	0.880      	0.917      	0.337      	
158.0      	78.10      	8.797      	0.896      	0.938      	0.356      	
159.0      	76.96      	8.778      	0.913      	0.961      	0.377      	
160.0      	75.92      	8.768      	0.931      	0.985      	0.405      	
162.0      	73.67      	8.755      	0.958      	1.016      	0.453      	
164.0      	71.37      	8.728      	0.970      	1.019      	0.458      	
165.0      	70.30      	8.722      	0.973      	1.019      	0.460      	
166.0      	69.36      	8.715      	0.976      	1.018      	0.462      	
168.0      	67.47      	8.691      	0.979      	1.015      	0.465      	
170.0      	65.69      	8.675      	0.981      	1.014      	0.469      	
172.0      	63.88      	8.649      	0.983      	1.012      	0.474      	
174.0      	62.14      	8.627      	0.984      	1.011      	0.478      	
175.0      	61.31      	8.617      	0.985      	1.010      	0.481      	
176.0      	60.47      	8.606      	0.985      	1.009      	0.483      	
178.0      	58.89      	8.584      	0.986      	1.008      	0.488      	
180.0      	57.39      	8.562      	0.986      	1.006      	0.494      	
182.0      	55.93      	8.542      	0.987      	1.004      	0.499      	
184.0      	54.50      	8.521      	0.987      	1.004      	0.502      	
185.0      	53.81      	8.510      	0.987      	1.004      	0.504      	
186.0      	53.13      	8.498      	0.987      	1.004      	0.505      	
188.0      	51.77      	8.473      	0.987      	1.004      	0.509      	
190.0      	50.49      	8.454      	0.988      	1.005      	0.513      	
192.0      	49.22      	8.429      	0.988      	1.005      	0.517      	
194.0      	48.07      	8.414      	0.988      	1.005      	0.522      	
195.0      	47.45      	8.398      	0.988      	1.005      	0.524      	
196.0      	46.85      	8.381      	0.988      	1.005      	0.526      	
198.0      	45.78      	8.367      	0.988      	1.005      	0.531      	
200.0      	44.69      	8.337      	0.988      	1.005      	0.536      	
202.0      	43.65      	8.316      	0.989      	1.005      	0.540      	
204.0      	42.64      	8.292      	0.989      	1.005      	0.546      	
206.0      	41.68      	8.270      	0.989      	1.005      	0.551      	
208.0      	40.71      	8.245      	0.989      	1.004      	0.556      	
210.0      	39.76      	8.218      	0.989      	1.004      	0.562      	
212.0      	38.88      	8.195      	0.989      	1.004      	0.567      	
214.0      	38.04      	8.175      	0.990      	1.004      	0.573      	
216.0      	37.20      	8.146      	0.990      	1.005      	0.578      	
218.0      	36.40      	8.124      	0.990      	1.004      	0.584      	
220.0      	35.61      	8.096      	0.990      	1.004      	0.590      	
222.0      	34.82      	8.068      	0.990      	1.004      	0.596      	
224.0      	34.07      	8.046      	0.990      	1.004      	0.603      	
226.0      	33.32      	8.014      	0.990      	1.004      	0.609      	
228.0      	32.62      	7.991      	0.991      	1.004      	0.615      	
230.0      	31.92      	7.962      	0.991      	1.004      	0.622      	
232.0      	31.25      	7.936      	0.991      	1.004      	0.628      	
234.0      	30.60      	7.912      	0.991      	1.004      	0.635      	
236.0      	29.99      	7.889      	0.991      	1.004      	0.642      	
238.0      	29.35      	7.859      	0.991      	1.004      	0.649      	
240.0      	28.74      	7.830      	0.991      	1.004      	0.656      	
242.0      	28.16      	7.797      	0.991      	1.004      	0.663      	
244.0      	27.62      	7.772      	0.991      	1.004      	0.671      	
246.0      	27.09      	7.743      	0.991      	1.004      	0.678      	
248.0      	26.58      	7.716      	0.992      	1.004      	0.686      	
250.0      	26.07      	7.685      	0.991      	1.004      	0.694      	
252.0      	25.57      	7.656      	0.992      	1.004      	0.701      	
254.0      	25.07      	7.622      	0.992      	1.004      	0.709      	
256.0      	24.60      	7.596      	0.992      	1.004      	0.717      	
258.0      	24.15      	7.566      	0.992      	1.004      	0.726      	
260.0      	23.68      	7.533      	0.992      	1.004      	0.735      	
262.0      	23.23      	7.498      	0.992      	1.004      	0.743      	
264.0      	22.81      	7.472      	0.992      	1.004      	0.752      	
266.0      	22.38      	7.433      	0.992      	1.004      	0.760      	
268.0      	21.99      	7.407      	0.992      	1.004      	0.770      	
270.0      	21.58      	7.371      	0.992      	1.004      	0.779      	
272.0      	21.22      	7.343      	0.992      	1.004      	0.788      	
274.0      	20.84      	7.303      	0.992      	1.004      	0.798      	
276.0      	20.50      	7.270      	0.992      	1.004      	0.808      	
278.0      	20.16      	7.235      	0.992      	1.004      	0.817      	
280.0      	19.82      	7.200      	0.992      	1.004      	0.828      	
282.0      	19.48      	7.164      	0.992      	1.004      	0.838      	
284.0      	19.15      	7.128      	0.992      	1.004      	0.848      	
286.0      	18.84      	7.093      	0.993      	1.004      	0.859      	
288.0      	18.52      	7.053      	0.993      	1.004      	0.870      	
290.0      	18.22      	7.015      	0.993      	1.004      	0.881      	
295.0      	17.49      	6.919      	0.993      	1.004      	0.910      	
300.0      	16.84      	6.824      	0.993      	1.004      	0.940      	
305.0      	16.20      	6.714      	0.992      	1.004      	0.972      	
310.0      	15.63      	6.609      	0.993      	1.004      	1.006      	
315.0      	15.08      	6.491      	0.993      	1.004      	1.042      	
320.0      	14.59      	6.375      	0.993      	1.005      	1.080      	
325.0      	14.12      	6.241      	0.992      	1.005      	1.121      	
330.0      	13.71      	6.103      	0.993      	1.005      	1.166      	
335.0      	13.33      	5.950      	0.992      	1.005      	1.214      	
340.0      	12.98      	5.776      	0.992      	1.005      	1.270      	
345.0      	12.73      	5.552      	0.992      	1.006      	1.345      	
350.0      	12.75      	5.304      	0.992      	1.006      	1.431      	
360.0      	12.26      	4.989      	0.992      	1.007      	1.609      	
370.0      	11.64      	4.795      	0.991      	1.006      	1.802      	
380.0      	10.91      	4.658      	0.990      	1.006      	2.018      	
390.0      	10.15      	4.567      	0.990      	1.005      	2.265      	
400.0      	9.38      	4.498      	0.989      	1.004      	2.549      	
420.0      	7.93      	4.424      	0.989      	1.002      	3.260      	
440.0      	6.60      	4.389      	0.989      	1.000      	4.240      	
450.0      	6.03      	4.390      	0.989      	1.000      	4.936      	
460.0      	5.49      	4.390      	0.989      	0.999      	5.632      	
480.0      	4.55      	4.408      	0.990      	0.997      	7.665      	
500.0      	3.79      	4.450      	0.991      	0.996      	10.700      	
520.0      	3.15      	4.499      	0.992      	0.995      	15.326      	
540.0      	2.63      	4.568      	0.993      	0.994      	22.168      	
550.0      	2.41      	4.607      	0.994      	0.994      	26.606      	
560.0      	2.20      	4.645      	0.994      	0.993      	31.043      	
580.0      	1.85      	4.735      	0.995      	0.992      	39.318      	
600.0      	1.56      	4.837      	0.996      	0.992      	42.999      	
