mH_GeV 	H_gg 	    Err_Hi  Err_Lo  H_gamgam    Err_Hi  Err_Lo  H_Zgam      Err_Hi  Err_Lo  H_WW        Err_Hi  Err_Lo  H_ZZ        Err_Hi  Err_Lo  Total_Width_GeV Err_Hi Err_Lo
80.0	4.94E-02	+12.02	-11.58	9.18E-04	+6.34	-6.15	0.00E+00	+0.00	-0.00	6.27E-04	+5.89	-5.73	1.64E-04	+5.79	-5.63	1.99E-03	+5.29	-5.24
81.0	5.05E-02	+11.99	-11.55	9.46E-04	+6.32	-6.15	0.00E+00	+0.00	-0.00	6.96E-04	+5.86	-5.72	1.81E-04	+5.75	-5.62	2.01E-03	+5.28	-5.21
82.0	5.17E-02	+11.97	-11.56	9.74E-04	+6.31	-6.16	0.00E+00	+0.00	-0.00	7.74E-04	+5.89	-5.73	1.99E-04	+5.78	-5.63	2.04E-03	+5.28	-5.24
83.0	5.28E-02	+11.96	-11.53	1.00E-03	+6.38	-6.13	0.00E+00	+0.00	-0.00	8.61E-04	+5.85	-5.73	2.18E-04	+5.75	-5.63	2.06E-03	+5.29	-5.20
84.0	5.40E-02	+11.95	-11.52	1.03E-03	+6.30	-6.11	0.00E+00	+0.00	-0.00	9.61E-04	+5.89	-5.74	2.40E-04	+5.80	-5.64	2.08E-03	+5.29	-5.24
85.0	5.51E-02	+11.92	-11.51	1.06E-03	+6.34	-6.15	0.00E+00	+0.00	-0.00	1.08E-03	+5.85	-5.73	2.63E-04	+5.76	-5.65	2.11E-03	+5.29	-5.21
86.0	5.63E-02	+11.92	-11.48	1.09E-03	+6.32	-6.07	0.00E+00	+0.00	-0.00	1.21E-03	+5.88	-5.69	2.88E-04	+5.79	-5.61	2.13E-03	+5.25	-5.23
87.0	5.75E-02	+11.88	-11.48	1.12E-03	+6.37	-6.12	0.00E+00	+0.00	-0.00	1.37E-03	+5.85	-5.74	3.16E-04	+5.77	-5.65	2.15E-03	+5.29	-5.21
88.0	5.87E-02	+11.88	-11.44	1.15E-03	+6.27	-6.23	0.00E+00	+0.00	-0.00	1.56E-03	+5.88	-5.67	3.47E-04	+5.80	-5.59	2.18E-03	+5.22	-5.24
89.0	5.99E-02	+11.85	-11.43	1.19E-03	+6.29	-6.14	0.00E+00	+0.00	-0.00	1.79E-03	+5.81	-5.73	3.80E-04	+5.73	-5.65	2.20E-03	+5.28	-5.17
90.0	6.12E-02	+11.83	-11.43	1.22E-03	+6.21	-6.17	0.00E+00	+0.00	-0.00	2.07E-03	+5.85	-5.69	4.17E-04	+5.78	-5.61	2.22E-03	+5.25	-5.21
91.0	6.24E-02	+11.81	-11.41	1.25E-03	+6.25	-6.15	0.00E+00	+0.00	-0.00	2.41E-03	+5.81	-5.69	4.57E-04	+5.74	-5.62	2.25E-03	+5.25	-5.17
92.0	6.36E-02	+11.79	-11.37	1.29E-03	+6.24	-6.17	5.09E-08	+10.29	-10.09	2.83E-03	+5.85	-5.64	5.02E-04	+5.78	-5.58	2.27E-03	+5.20	-5.21
93.0	6.49E-02	+11.77	-11.36	1.32E-03	+6.26	-6.10	5.17E-07	+10.29	-10.10	3.33E-03	+5.85	-5.62	5.50E-04	+5.79	-5.56	2.30E-03	+5.18	-5.21
94.0	6.61E-02	+11.75	-11.35	1.36E-03	+6.29	-6.07	1.85E-06	+10.26	-10.11	3.94E-03	+5.85	-5.65	6.05E-04	+5.79	-5.58	2.32E-03	+5.20	-5.21
95.0	6.74E-02	+11.73	-11.32	1.39E-03	+6.25	-6.11	4.48E-06	+10.25	-10.11	4.68E-03	+5.80	-5.64	6.65E-04	+5.72	-5.59	2.35E-03	+5.21	-5.14
96.0	6.87E-02	+11.70	-11.29	1.43E-03	+6.18	-6.12	8.78E-06	+10.27	-10.08	5.55E-03	+5.80	-5.63	7.33E-04	+5.75	-5.58	2.37E-03	+5.20	-5.17
97.0	6.99E-02	+11.68	-11.28	1.46E-03	+6.25	-6.05	1.51E-05	+10.25	-10.10	6.60E-03	+5.80	-5.60	8.11E-04	+5.75	-5.55	2.40E-03	+5.17	-5.17
98.0	7.12E-02	+11.66	-11.26	1.50E-03	+6.26	-6.06	2.38E-05	+10.22	-10.07	7.83E-03	+5.75	-5.59	9.00E-04	+5.71	-5.55	2.43E-03	+5.16	-5.13
99.0	7.24E-02	+11.63	-11.23	1.54E-03	+6.28	-6.04	3.51E-05	+10.22	-10.05	9.28E-03	+5.78	-5.59	1.00E-03	+5.74	-5.55	2.46E-03	+5.16	-5.16
100.0	7.37E-02	+11.58	-11.21	1.58E-03	+6.20	-6.07	4.93E-05	+10.20	-10.05	1.10E-02	+5.73	-5.56	1.12E-03	+5.69	-5.53	2.48E-03	+5.13	-5.11
101.0	7.49E-02	+11.58	-11.17	1.61E-03	+6.18	-6.04	6.67E-05	+10.20	-10.03	1.29E-02	+5.69	-5.57	1.26E-03	+5.66	-5.54	2.51E-03	+5.15	-5.08
102.0	7.61E-02	+11.53	-11.15	1.65E-03	+6.18	-6.01	8.74E-05	+10.18	-10.02	1.52E-02	+5.67	-5.55	1.43E-03	+5.64	-5.52	2.54E-03	+5.13	-5.06
103.0	7.73E-02	+11.51	-11.13	1.69E-03	+6.16	-5.98	1.12E-04	+10.13	-10.08	1.78E-02	+5.67	-5.53	1.63E-03	+5.64	-5.51	2.58E-03	+5.11	-5.06
104.0	7.84E-02	+11.46	-11.10	1.73E-03	+6.12	-5.99	1.40E-04	+10.13	-9.98	2.07E-02	+5.70	-5.47	1.86E-03	+5.68	-5.45	2.61E-03	+5.05	-5.10
105.0	7.95E-02	+11.43	-11.06	1.77E-03	+6.14	-5.93	1.71E-04	+10.15	-9.93	2.41E-02	+5.59	-5.50	2.13E-03	+5.58	-5.48	2.64E-03	+5.09	-5.00
106.0	8.06E-02	+11.38	-11.03	1.80E-03	+6.10	-5.94	2.07E-04	+10.06	-9.95	2.78E-02	+5.59	-5.43	2.45E-03	+5.57	-5.41	2.68E-03	+5.02	-5.00
107.0	8.16E-02	+11.35	-10.99	1.84E-03	+6.04	-5.92	2.47E-04	+10.05	-9.92	3.20E-02	+5.54	-5.43	2.83E-03	+5.52	-5.42	2.72E-03	+5.03	-4.95
108.0	8.26E-02	+11.32	-10.95	1.88E-03	+5.98	-5.93	2.91E-04	+10.04	-9.87	3.67E-02	+5.52	-5.37	3.26E-03	+5.51	-5.35	2.76E-03	+4.96	-4.94
109.0	8.36E-02	+11.27	-10.92	1.92E-03	+5.98	-5.86	3.39E-04	+9.99	-9.86	4.19E-02	+5.51	-5.31	3.76E-03	+5.50	-5.30	2.80E-03	+4.91	-4.94
110.0	8.44E-02	+11.22	-10.88	1.95E-03	+5.92	-5.85	3.91E-04	+9.92	-9.82	4.77E-02	+5.44	-5.31	4.34E-03	+5.43	-5.30	2.85E-03	+4.92	-4.88
110.5	8.48E-02	+11.21	-10.85	1.97E-03	+5.94	-5.78	4.19E-04	+9.94	-9.81	5.08E-02	+5.45	-5.25	4.66E-03	+5.44	-5.25	2.87E-03	+4.87	-4.89
111.0	8.52E-02	+11.18	-10.84	1.99E-03	+5.93	-5.75	4.47E-04	+9.90	-9.79	5.41E-02	+5.37	-5.28	5.01E-03	+5.36	-5.27	2.89E-03	+4.89	-4.82
111.5	8.56E-02	+11.15	-10.81	2.00E-03	+5.91	-5.76	4.77E-04	+9.88	-9.77	5.75E-02	+5.35	-5.24	5.37E-03	+5.34	-5.23	2.92E-03	+4.85	-4.80
112.0	8.60E-02	+11.13	-10.78	2.02E-03	+5.85	-5.72	5.07E-04	+9.88	-9.72	6.10E-02	+5.35	-5.19	5.76E-03	+5.34	-5.19	2.95E-03	+4.81	-4.80
112.5	8.63E-02	+11.10	-10.77	2.04E-03	+5.90	-5.70	5.39E-04	+9.87	-9.70	6.48E-02	+5.31	-5.19	6.18E-03	+5.30	-5.18	2.97E-03	+4.82	-4.77
113.0	8.66E-02	+11.07	-10.74	2.05E-03	+5.85	-5.68	5.71E-04	+9.80	-9.70	6.86E-02	+5.26	-5.16	6.62E-03	+5.25	-5.16	3.00E-03	+4.79	-4.73
113.5	8.69E-02	+11.04	-10.72	2.07E-03	+5.77	-5.67	6.04E-04	+9.81	-9.66	7.27E-02	+5.28	-5.12	7.08E-03	+5.27	-5.11	3.03E-03	+4.75	-4.75
114.0	8.72E-02	+11.00	-10.69	2.08E-03	+5.80	-5.62	6.39E-04	+9.76	-9.66	7.69E-02	+5.21	-5.10	7.57E-03	+5.21	-5.10	3.06E-03	+4.74	-4.69
114.5	8.74E-02	+11.00	-10.64	2.10E-03	+5.72	-5.62	6.74E-04	+9.74	-9.62	8.13E-02	+5.20	-5.06	8.09E-03	+5.20	-5.06	3.09E-03	+4.70	-4.69
115.0	8.76E-02	+10.95	-10.64	2.11E-03	+5.74	-5.59	7.10E-04	+9.70	-9.61	8.59E-02	+5.17	-5.04	8.64E-03	+5.17	-5.04	3.12E-03	+4.69	-4.66
115.5	8.78E-02	+10.93	-10.60	2.13E-03	+5.73	-5.54	7.46E-04	+9.70	-9.56	9.06E-02	+5.14	-5.01	9.22E-03	+5.14	-5.00	3.15E-03	+4.66	-4.64
116.0	8.80E-02	+10.89	-10.58	2.14E-03	+5.63	-5.60	7.84E-04	+9.66	-9.55	9.55E-02	+5.09	-4.98	9.83E-03	+5.09	-4.98	3.19E-03	+4.63	-4.60
116.5	8.81E-02	+10.86	-10.55	2.15E-03	+5.60	-5.58	8.22E-04	+9.63	-9.52	1.01E-01	+5.05	-4.94	1.05E-02	+5.04	-4.93	3.22E-03	+4.60	-4.56
117.0	8.82E-02	+10.82	-10.52	2.17E-03	+5.58	-5.48	8.61E-04	+9.60	-9.48	1.06E-01	+5.04	-4.89	1.11E-02	+5.04	-4.88	3.26E-03	+4.55	-4.57
117.5	8.83E-02	+10.80	-10.49	2.18E-03	+5.56	-5.45	9.00E-04	+9.57	-9.45	1.11E-01	+5.01	-4.84	1.19E-02	+5.00	-4.84	3.30E-03	+4.51	-4.53
118.0	8.83E-02	+10.75	-10.47	2.19E-03	+5.53	-5.44	9.41E-04	+9.53	-9.43	1.17E-01	+4.95	-4.82	1.26E-02	+4.95	-4.82	3.33E-03	+4.50	-4.49
118.5	8.84E-02	+10.73	-10.43	2.20E-03	+5.52	-5.42	9.81E-04	+9.52	-9.39	1.23E-01	+4.91	-4.78	1.34E-02	+4.91	-4.78	3.38E-03	+4.46	-4.45
119.0	8.84E-02	+10.69	-10.40	2.21E-03	+5.46	-5.39	1.02E-03	+9.46	-9.36	1.29E-01	+4.85	-4.74	1.42E-02	+4.85	-4.74	3.42E-03	+4.43	-4.40
119.5	8.83E-02	+10.66	-10.36	2.22E-03	+5.47	-5.30	1.06E-03	+9.35	-9.37	1.35E-01	+4.83	-4.71	1.50E-02	+4.83	-4.71	3.46E-03	+4.41	-4.39
120.0	8.82E-02	+10.63	-10.33	2.23E-03	+5.40	-5.28	1.11E-03	+9.38	-9.34	1.41E-01	+4.76	-4.66	1.59E-02	+4.76	-4.67	3.51E-03	+4.36	-4.33
120.1	8.82E-02	+10.60	-10.33	2.23E-03	+5.38	-5.29	1.12E-03	+9.35	-9.24	1.43E-01	+4.77	-4.66	1.61E-02	+4.77	-4.66	3.52E-03	+4.36	-4.34
120.2	8.82E-02	+10.59	-10.33	2.23E-03	+5.37	-5.24	1.12E-03	+9.32	-9.30	1.44E-01	+4.74	-4.65	1.62E-02	+4.74	-4.65	3.52E-03	+4.35	-4.32
120.3	8.82E-02	+10.59	-10.31	2.23E-03	+5.36	-5.28	1.13E-03	+9.34	-9.28	1.45E-01	+4.75	-4.63	1.64E-02	+4.74	-4.63	3.53E-03	+4.33	-4.32
120.4	8.82E-02	+10.58	-10.31	2.24E-03	+5.37	-5.27	1.14E-03	+9.28	-9.31	1.47E-01	+4.73	-4.63	1.66E-02	+4.74	-4.62	3.54E-03	+4.33	-4.31
120.5	8.81E-02	+10.58	-10.30	2.24E-03	+5.37	-5.26	1.15E-03	+9.39	-9.23	1.48E-01	+4.72	-4.62	1.68E-02	+4.72	-4.63	3.55E-03	+4.32	-4.30
120.6	8.81E-02	+10.57	-10.29	2.24E-03	+5.32	-5.25	1.16E-03	+9.25	-9.33	1.49E-01	+4.71	-4.63	1.70E-02	+4.63	-4.67	3.56E-03	+4.33	-4.29
120.7	8.81E-02	+10.57	-10.27	2.24E-03	+5.35	-5.22	1.17E-03	+9.34	-9.19	1.51E-01	+4.70	-4.61	1.72E-02	+4.71	-4.60	3.57E-03	+4.32	-4.28
120.8	8.81E-02	+10.56	-10.27	2.24E-03	+5.29	-5.25	1.18E-03	+9.32	-9.29	1.52E-01	+4.69	-4.58	1.73E-02	+4.73	-4.58	3.58E-03	+4.29	-4.27
120.9	8.80E-02	+10.56	-10.27	2.24E-03	+5.36	-5.21	1.18E-03	+9.32	-9.15	1.53E-01	+4.69	-4.57	1.75E-02	+4.69	-4.57	3.59E-03	+4.28	-4.28
121.0	8.80E-02	+10.55	-10.27	2.25E-03	+5.28	-5.26	1.19E-03	+9.28	-9.27	1.55E-01	+4.66	-4.57	1.77E-02	+4.66	-4.60	3.60E-03	+4.28	-4.25
121.1	8.80E-02	+10.54	-10.25	2.25E-03	+5.31	-5.21	1.20E-03	+9.35	-9.19	1.56E-01	+4.66	-4.56	1.79E-02	+4.66	-4.56	3.61E-03	+4.27	-4.25
121.2	8.79E-02	+10.53	-10.25	2.25E-03	+5.33	-5.18	1.21E-03	+9.24	-9.22	1.57E-01	+4.64	-4.57	1.81E-02	+4.63	-4.57	3.62E-03	+4.28	-4.23
121.3	8.79E-02	+10.54	-10.24	2.25E-03	+5.27	-5.23	1.22E-03	+9.35	-9.15	1.59E-01	+4.64	-4.56	1.83E-02	+4.64	-4.56	3.63E-03	+4.27	-4.23
121.4	8.79E-02	+10.50	-10.24	2.25E-03	+5.26	-5.18	1.23E-03	+9.27	-9.18	1.60E-01	+4.66	-4.53	1.85E-02	+4.66	-4.54	3.64E-03	+4.25	-4.25
121.5	8.78E-02	+10.51	-10.23	2.25E-03	+5.29	-5.16	1.24E-03	+9.25	-9.22	1.61E-01	+4.63	-4.53	1.87E-02	+4.64	-4.52	3.65E-03	+4.25	-4.23
121.6	8.78E-02	+10.51	-10.21	2.25E-03	+5.26	-5.22	1.24E-03	+9.29	-9.13	1.63E-01	+4.60	-4.54	1.89E-02	+4.60	-4.54	3.66E-03	+4.26	-4.20
121.7	8.78E-02	+10.49	-10.22	2.25E-03	+5.25	-5.19	1.25E-03	+9.26	-9.20	1.64E-01	+4.61	-4.52	1.91E-02	+4.60	-4.53	3.67E-03	+4.24	-4.21
121.8	8.77E-02	+10.48	-10.20	2.26E-03	+5.26	-5.15	1.26E-03	+9.21	-9.20	1.66E-01	+4.59	-4.51	1.93E-02	+4.58	-4.52	3.68E-03	+4.23	-4.19
121.9	8.77E-02	+10.48	-10.20	2.26E-03	+5.25	-5.14	1.27E-03	+9.23	-9.14	1.67E-01	+4.59	-4.49	1.95E-02	+4.59	-4.49	3.69E-03	+4.21	-4.20
122.0	8.76E-02	+10.47	-10.19	2.26E-03	+5.25	-5.15	1.28E-03	+9.21	-9.18	1.69E-01	+4.58	-4.48	1.97E-02	+4.58	-4.48	3.71E-03	+4.21	-4.19
122.1	8.76E-02	+10.45	-10.19	2.26E-03	+5.24	-5.11	1.29E-03	+9.26	-9.04	1.70E-01	+4.58	-4.47	1.99E-02	+4.58	-4.47	3.72E-03	+4.19	-4.19
122.2	8.75E-02	+10.45	-10.18	2.26E-03	+5.23	-5.10	1.30E-03	+9.24	-9.09	1.71E-01	+4.57	-4.46	2.01E-02	+4.57	-4.46	3.73E-03	+4.18	-4.18
122.3	8.75E-02	+10.44	-10.17	2.26E-03	+5.24	-5.10	1.30E-03	+9.21	-9.12	1.73E-01	+4.56	-4.45	2.03E-02	+4.56	-4.45	3.74E-03	+4.18	-4.17
122.4	8.74E-02	+10.43	-10.18	2.26E-03	+5.22	-5.11	1.31E-03	+9.23	-9.06	1.74E-01	+4.54	-4.45	2.05E-02	+4.54	-4.45	3.75E-03	+4.18	-4.15
122.5	8.74E-02	+10.42	-10.16	2.26E-03	+5.22	-5.08	1.32E-03	+9.18	-9.09	1.76E-01	+4.52	-4.44	2.07E-02	+4.52	-4.44	3.76E-03	+4.17	-4.14
122.6	8.73E-02	+10.42	-10.16	2.26E-03	+5.23	-5.07	1.33E-03	+9.16	-9.13	1.77E-01	+4.51	-4.45	2.10E-02	+4.51	-4.46	3.77E-03	+4.19	-4.13
122.7	8.73E-02	+10.42	-10.15	2.26E-03	+5.19	-5.06	1.34E-03	+9.26	-9.00	1.79E-01	+4.52	-4.41	2.12E-02	+4.52	-4.40	3.78E-03	+4.14	-4.14
122.8	8.72E-02	+10.39	-10.14	2.27E-03	+5.17	-5.09	1.35E-03	+9.16	-9.09	1.80E-01	+4.48	-4.43	2.14E-02	+4.49	-4.43	3.79E-03	+4.17	-4.11
122.9	8.72E-02	+10.40	-10.13	2.27E-03	+5.15	-5.08	1.36E-03	+9.11	-9.08	1.82E-01	+4.49	-4.39	2.16E-02	+4.49	-4.40	3.81E-03	+4.13	-4.12
123.0	8.71E-02	+10.38	-10.12	2.27E-03	+5.14	-5.08	1.36E-03	+9.19	-9.00	1.83E-01	+4.46	-4.41	2.18E-02	+4.46	-4.40	3.82E-03	+4.15	-4.08
123.1	8.71E-02	+10.39	-10.10	2.27E-03	+5.11	-5.07	1.37E-03	+9.18	-9.03	1.85E-01	+4.46	-4.39	2.20E-02	+4.45	-4.40	3.83E-03	+4.13	-4.09
123.2	8.70E-02	+10.37	-10.11	2.27E-03	+5.16	-5.01	1.38E-03	+9.10	-9.03	1.86E-01	+4.45	-4.38	2.22E-02	+4.46	-4.37	3.84E-03	+4.12	-4.08
123.3	8.69E-02	+10.36	-10.10	2.27E-03	+5.13	-5.05	1.39E-03	+9.14	-9.01	1.88E-01	+4.46	-4.34	2.25E-02	+4.48	-4.29	3.85E-03	+4.08	-4.09
123.4	8.69E-02	+10.35	-10.11	2.27E-03	+5.09	-5.06	1.40E-03	+9.12	-8.99	1.89E-01	+4.45	-4.35	2.27E-02	+4.45	-4.35	3.86E-03	+4.09	-4.08
123.5	8.68E-02	+10.35	-10.09	2.27E-03	+5.13	-5.01	1.41E-03	+9.10	-9.08	1.91E-01	+4.42	-4.35	2.29E-02	+4.42	-4.35	3.88E-03	+4.09	-4.05
123.6	8.68E-02	+10.33	-10.08	2.27E-03	+5.09	-5.00	1.42E-03	+9.15	-8.96	1.92E-01	+4.41	-4.35	2.31E-02	+4.40	-4.35	3.89E-03	+4.09	-4.04
123.7	8.67E-02	+10.34	-10.07	2.27E-03	+5.08	-5.03	1.43E-03	+9.07	-8.94	1.94E-01	+4.38	-4.34	2.34E-02	+4.38	-4.34	3.90E-03	+4.08	-4.02
123.8	8.66E-02	+10.33	-10.06	2.27E-03	+5.09	-4.98	1.44E-03	+9.05	-9.02	1.95E-01	+4.41	-4.30	2.36E-02	+4.41	-4.30	3.91E-03	+4.05	-4.05
123.9	8.65E-02	+10.33	-10.05	2.27E-03	+5.07	-4.98	1.44E-03	+9.15	-8.90	1.97E-01	+4.37	-4.30	2.38E-02	+4.37	-4.30	3.93E-03	+4.05	-4.02
124.0	8.65E-02	+10.31	-10.04	2.27E-03	+5.08	-4.98	1.45E-03	+9.09	-8.98	1.99E-01	+4.39	-4.29	2.41E-02	+4.39	-4.28	3.94E-03	+4.04	-4.03
124.1	8.64E-02	+10.28	-10.06	2.28E-03	+5.04	-4.99	1.46E-03	+8.99	-8.98	2.00E-01	+4.36	-4.28	2.43E-02	+4.36	-4.28	3.95E-03	+4.03	-4.01
124.2	8.63E-02	+10.29	-10.03	2.28E-03	+5.07	-4.97	1.47E-03	+9.08	-8.92	2.02E-01	+4.32	-4.27	2.45E-02	+4.32	-4.27	3.96E-03	+4.03	-3.97
124.3	8.63E-02	+10.28	-10.02	2.28E-03	+5.00	-4.97	1.48E-03	+9.03	-8.94	2.03E-01	+4.35	-4.26	2.48E-02	+4.35	-4.26	3.98E-03	+4.02	-4.00
124.4	8.62E-02	+10.27	-10.01	2.28E-03	+5.00	-4.97	1.49E-03	+9.01	-8.98	2.05E-01	+4.34	-4.25	2.50E-02	+4.33	-4.25	3.99E-03	+4.01	-3.99
124.5	8.61E-02	+10.27	-10.01	2.28E-03	+5.06	-4.90	1.50E-03	+9.04	-8.90	2.06E-01	+4.32	-4.25	2.52E-02	+4.32	-4.25	4.00E-03	+4.01	-3.98
124.6	8.60E-02	+10.26	-10.02	2.28E-03	+4.99	-4.98	1.50E-03	+8.98	-8.97	2.08E-01	+4.31	-4.22	2.55E-02	+4.32	-4.22	4.02E-03	+3.99	-3.97
124.7	8.59E-02	+10.25	-9.99	2.28E-03	+4.99	-4.92	1.51E-03	+8.96	-8.93	2.10E-01	+4.30	-4.21	2.57E-02	+4.30	-4.21	4.03E-03	+3.97	-3.96
124.8	8.59E-02	+10.24	-10.00	2.28E-03	+4.99	-4.90	1.52E-03	+8.99	-8.87	2.11E-01	+4.28	-4.23	2.59E-02	+4.26	-4.26	4.04E-03	+3.99	-3.95
124.9	8.58E-02	+10.23	-9.97	2.28E-03	+4.99	-4.89	1.53E-03	+8.93	-8.90	2.13E-01	+4.27	-4.18	2.62E-02	+4.27	-4.18	4.06E-03	+3.95	-3.94
125.0	8.57E-02	+10.22	-9.98	2.28E-03	+4.98	-4.89	1.54E-03	+9.01	-8.83	2.15E-01	+4.26	-4.20	2.64E-02	+4.28	-4.21	4.07E-03	+3.97	-3.93
125.1	8.56E-02	+10.22	-9.95	2.28E-03	+4.91	-4.88	1.55E-03	+8.94	-8.86	2.16E-01	+4.24	-4.17	2.67E-02	+4.24	-4.18	4.08E-03	+3.94	-3.91
125.2	8.55E-02	+10.21	-9.96	2.28E-03	+4.91	-4.89	1.56E-03	+8.98	-8.81	2.18E-01	+4.23	-4.18	2.69E-02	+4.21	-4.17	4.10E-03	+3.95	-3.90
125.3	8.54E-02	+10.20	-9.95	2.28E-03	+4.91	-4.89	1.56E-03	+8.96	-8.85	2.19E-01	+4.22	-4.16	2.72E-02	+4.22	-4.16	4.11E-03	+3.94	-3.89
125.4	8.53E-02	+10.19	-9.94	2.28E-03	+4.91	-4.88	1.57E-03	+8.86	-8.92	2.21E-01	+4.21	-4.15	2.74E-02	+4.21	-4.15	4.12E-03	+3.93	-3.89
125.5	8.52E-02	+10.18	-9.94	2.28E-03	+4.91	-4.88	1.58E-03	+8.94	-8.82	2.23E-01	+4.20	-4.14	2.76E-02	+4.22	-4.11	4.14E-03	+3.92	-3.88
125.6	8.52E-02	+10.17	-9.93	2.28E-03	+4.90	-4.87	1.59E-03	+8.86	-8.89	2.24E-01	+4.18	-4.13	2.79E-02	+4.18	-4.13	4.15E-03	+3.91	-3.86
125.7	8.51E-02	+10.16	-9.92	2.28E-03	+4.89	-4.87	1.60E-03	+8.89	-8.79	2.26E-01	+4.18	-4.11	2.81E-02	+4.18	-4.11	4.17E-03	+3.89	-3.87
125.8	8.50E-02	+10.15	-9.92	2.28E-03	+4.85	-4.87	1.61E-03	+8.88	-8.86	2.28E-01	+4.15	-4.10	2.84E-02	+4.14	-4.12	4.18E-03	+3.88	-3.84
125.9	8.49E-02	+10.13	-9.91	2.28E-03	+4.84	-4.87	1.62E-03	+8.86	-8.77	2.29E-01	+4.15	-4.09	2.87E-02	+4.15	-4.10	4.20E-03	+3.88	-3.84
126.0	8.48E-02	+10.13	-9.90	2.28E-03	+4.88	-4.80	1.62E-03	+8.84	-8.84	2.31E-01	+4.14	-4.08	2.89E-02	+4.14	-4.08	4.21E-03	+3.87	-3.83
126.1	8.47E-02	+10.11	-9.89	2.28E-03	+4.88	-4.80	1.63E-03	+8.84	-8.82	2.33E-01	+4.15	-4.07	2.92E-02	+4.15	-4.07	4.23E-03	+3.86	-3.84
126.2	8.46E-02	+10.10	-9.89	2.28E-03	+4.84	-4.80	1.64E-03	+8.91	-8.72	2.35E-01	+4.14	-4.06	2.94E-02	+4.14	-4.06	4.24E-03	+3.85	-3.83
126.3	8.45E-02	+10.12	-9.87	2.28E-03	+4.82	-4.79	1.65E-03	+8.82	-8.79	2.36E-01	+4.12	-4.04	2.97E-02	+4.12	-4.04	4.26E-03	+3.83	-3.82
126.4	8.44E-02	+10.11	-9.86	2.28E-03	+4.85	-4.75	1.66E-03	+8.89	-8.74	2.38E-01	+4.10	-4.02	2.99E-02	+4.11	-4.02	4.27E-03	+3.82	-3.80
126.5	8.42E-02	+10.11	-9.85	2.28E-03	+4.84	-4.75	1.67E-03	+8.78	-8.76	2.40E-01	+4.09	-4.01	3.02E-02	+4.09	-4.01	4.29E-03	+3.80	-3.79
126.6	8.42E-02	+10.08	-9.86	2.28E-03	+4.77	-4.79	1.68E-03	+8.77	-8.76	2.41E-01	+4.07	-4.01	3.04E-02	+4.07	-4.01	4.30E-03	+3.81	-3.78
126.7	8.40E-02	+10.08	-9.84	2.28E-03	+4.84	-4.74	1.68E-03	+8.85	-8.69	2.43E-01	+4.06	-4.01	3.07E-02	+4.07	-4.01	4.32E-03	+3.80	-3.77
126.8	8.39E-02	+10.08	-9.83	2.28E-03	+4.78	-4.74	1.69E-03	+8.76	-8.71	2.45E-01	+4.06	-3.97	3.10E-02	+4.06	-3.97	4.33E-03	+3.77	-3.77
126.9	8.38E-02	+10.06	-9.84	2.27E-03	+4.80	-4.72	1.70E-03	+8.78	-8.72	2.47E-01	+4.03	-3.97	3.12E-02	+4.03	-3.98	4.35E-03	+3.77	-3.74
127.0	8.37E-02	+10.06	-9.82	2.27E-03	+4.77	-4.74	1.71E-03	+8.81	-8.70	2.48E-01	+4.03	-3.95	3.15E-02	+4.03	-3.95	4.36E-03	+3.76	-3.75
127.1	8.36E-02	+10.04	-9.82	2.27E-03	+4.76	-4.68	1.72E-03	+8.70	-8.74	2.50E-01	+4.01	-3.95	3.18E-02	+4.00	-3.95	4.38E-03	+3.75	-3.72
127.2	8.35E-02	+10.04	-9.80	2.27E-03	+4.76	-4.73	1.73E-03	+8.75	-8.67	2.52E-01	+4.01	-3.94	3.20E-02	+4.01	-3.94	4.40E-03	+3.75	-3.72
127.3	8.34E-02	+10.02	-9.80	2.27E-03	+4.75	-4.67	1.73E-03	+8.75	-8.66	2.54E-01	+4.01	-3.92	3.23E-02	+4.01	-3.92	4.41E-03	+3.73	-3.73
127.4	8.32E-02	+10.03	-9.78	2.27E-03	+4.76	-4.66	1.74E-03	+8.76	-8.64	2.55E-01	+3.98	-3.92	3.26E-02	+3.98	-3.91	4.43E-03	+3.73	-3.70
127.5	8.31E-02	+10.01	-9.77	2.27E-03	+4.69	-4.67	1.75E-03	+8.74	-8.63	2.57E-01	+3.99	-3.89	3.28E-02	+3.99	-3.90	4.45E-03	+3.70	-3.72
127.6	8.30E-02	+10.00	-9.77	2.27E-03	+4.73	-4.67	1.76E-03	+8.68	-8.67	2.59E-01	+3.97	-3.89	3.31E-02	+3.97	-3.89	4.46E-03	+3.70	-3.69
127.7	8.29E-02	+9.99	-9.76	2.27E-03	+4.74	-4.66	1.77E-03	+8.67	-8.66	2.61E-01	+3.93	-3.90	3.34E-02	+3.93	-3.90	4.48E-03	+3.72	-3.66
127.8	8.28E-02	+9.98	-9.75	2.27E-03	+4.74	-4.60	1.77E-03	+8.70	-8.64	2.62E-01	+3.95	-3.86	3.36E-02	+3.95	-3.85	4.50E-03	+3.67	-3.68
127.9	8.26E-02	+9.96	-9.75	2.27E-03	+4.68	-4.65	1.78E-03	+8.69	-8.62	2.64E-01	+3.94	-3.85	3.39E-02	+3.94	-3.85	4.51E-03	+3.67	-3.67
128.0	8.25E-02	+9.97	-9.74	2.27E-03	+4.67	-4.65	1.79E-03	+8.67	-8.62	2.66E-01	+3.91	-3.85	3.42E-02	+3.91	-3.85	4.53E-03	+3.67	-3.64
128.1	8.24E-02	+9.96	-9.73	2.27E-03	+4.66	-4.62	1.80E-03	+8.65	-8.61	2.68E-01	+3.90	-3.83	3.45E-02	+3.90	-3.84	4.55E-03	+3.66	-3.64
128.2	8.23E-02	+9.95	-9.72	2.27E-03	+4.66	-4.59	1.81E-03	+8.63	-8.60	2.70E-01	+3.87	-3.84	3.47E-02	+3.87	-3.84	4.57E-03	+3.67	-3.61
128.3	8.21E-02	+9.92	-9.73	2.26E-03	+4.65	-4.59	1.81E-03	+8.62	-8.59	2.71E-01	+3.87	-3.82	3.50E-02	+3.87	-3.82	4.58E-03	+3.64	-3.61
128.4	8.20E-02	+9.92	-9.71	2.26E-03	+4.61	-4.59	1.82E-03	+8.61	-8.58	2.73E-01	+3.86	-3.81	3.53E-02	+3.86	-3.81	4.60E-03	+3.63	-3.60
128.5	8.19E-02	+9.92	-9.70	2.26E-03	+4.61	-4.59	1.83E-03	+8.60	-8.57	2.75E-01	+3.84	-3.79	3.56E-02	+3.84	-3.79	4.62E-03	+3.62	-3.59
128.6	8.17E-02	+9.90	-9.69	2.26E-03	+4.61	-4.58	1.84E-03	+8.59	-8.55	2.77E-01	+3.82	-3.79	3.58E-02	+3.82	-3.79	4.64E-03	+3.62	-3.57
128.7	8.16E-02	+9.91	-9.68	2.26E-03	+4.59	-4.57	1.85E-03	+8.58	-8.54	2.79E-01	+3.80	-3.79	3.61E-02	+3.79	-3.79	4.65E-03	+3.62	-3.55
128.8	8.15E-02	+9.89	-9.68	2.26E-03	+4.59	-4.58	1.85E-03	+8.54	-8.56	2.81E-01	+3.81	-3.75	3.64E-02	+3.81	-3.76	4.67E-03	+3.59	-3.57
128.9	8.13E-02	+9.89	-9.67	2.26E-03	+4.56	-4.57	1.86E-03	+8.53	-8.54	2.82E-01	+3.81	-3.73	3.67E-02	+3.81	-3.73	4.69E-03	+3.57	-3.56
129.0	8.12E-02	+9.89	-9.64	2.26E-03	+4.62	-4.49	1.87E-03	+8.60	-8.49	2.84E-01	+3.78	-3.74	3.70E-02	+3.78	-3.74	4.71E-03	+3.57	-3.54
129.1	8.10E-02	+9.88	-9.63	2.26E-03	+4.59	-4.49	1.88E-03	+8.55	-8.48	2.86E-01	+3.77	-3.72	3.73E-02	+3.77	-3.72	4.73E-03	+3.56	-3.53
129.2	8.09E-02	+9.85	-9.65	2.26E-03	+4.53	-4.54	1.89E-03	+8.51	-8.52	2.88E-01	+3.76	-3.70	3.75E-02	+3.77	-3.70	4.75E-03	+3.55	-3.53
129.3	8.08E-02	+9.85	-9.64	2.25E-03	+4.52	-4.54	1.89E-03	+8.48	-8.55	2.90E-01	+3.75	-3.69	3.78E-02	+3.74	-3.69	4.77E-03	+3.53	-3.51
129.4	8.06E-02	+9.85	-9.62	2.25E-03	+4.55	-4.45	1.90E-03	+8.56	-8.44	2.92E-01	+3.73	-3.68	3.81E-02	+3.73	-3.68	4.79E-03	+3.53	-3.50
129.5	8.05E-02	+9.84	-9.61	2.25E-03	+4.52	-4.45	1.91E-03	+8.50	-8.47	2.93E-01	+3.73	-3.66	3.84E-02	+3.73	-3.66	4.81E-03	+3.51	-3.50
129.6	8.03E-02	+9.81	-9.62	2.25E-03	+4.52	-4.47	1.92E-03	+8.51	-8.45	2.95E-01	+3.71	-3.65	3.87E-02	+3.71	-3.65	4.83E-03	+3.50	-3.49
129.7	8.02E-02	+9.82	-9.60	2.25E-03	+4.51	-4.45	1.92E-03	+8.51	-8.42	2.97E-01	+3.71	-3.63	3.90E-02	+3.72	-3.62	4.85E-03	+3.48	-3.49
129.8	8.00E-02	+9.80	-9.59	2.25E-03	+4.46	-4.46	1.93E-03	+8.41	-8.49	2.99E-01	+3.68	-3.64	3.93E-02	+3.69	-3.64	4.87E-03	+3.49	-3.47
129.9	7.99E-02	+9.81	-9.57	2.25E-03	+4.48	-4.44	1.94E-03	+8.50	-8.39	3.01E-01	+3.67	-3.62	3.95E-02	+3.68	-3.62	4.89E-03	+3.48	-3.46
130.0	7.97E-02	+9.81	-9.56	2.24E-03	+4.55	-4.37	1.95E-03	+8.42	-8.45	3.03E-01	+3.66	-3.61	3.98E-02	+3.66	-3.61	4.91E-03	+3.46	-3.44
130.5	7.90E-02	+9.74	-9.53	2.24E-03	+4.46	-4.37	1.98E-03	+8.43	-8.33	3.12E-01	+3.60	-3.54	4.13E-02	+3.60	-3.54	5.01E-03	+3.41	-3.40
131.0	7.82E-02	+9.70	-9.50	2.23E-03	+4.40	-4.29	2.02E-03	+8.39	-8.28	3.22E-01	+3.52	-3.49	4.28E-02	+3.52	-3.49	5.12E-03	+3.37	-3.33
131.5	7.73E-02	+9.66	-9.46	2.22E-03	+4.34	-4.25	2.05E-03	+8.33	-8.24	3.31E-01	+3.46	-3.43	4.42E-02	+3.46	-3.43	5.23E-03	+3.31	-3.28
132.0	7.65E-02	+9.62	-9.41	2.21E-03	+4.27	-4.18	2.09E-03	+8.25	-8.19	3.41E-01	+3.40	-3.36	4.57E-02	+3.40	-3.36	5.35E-03	+3.26	-3.23
132.5	7.56E-02	+9.57	-9.36	2.19E-03	+4.19	-4.17	2.12E-03	+8.17	-8.15	3.51E-01	+3.32	-3.31	4.72E-02	+3.31	-3.35	5.48E-03	+3.22	-3.17
133.0	7.47E-02	+9.51	-9.36	2.18E-03	+4.18	-4.12	2.15E-03	+8.11	-8.13	3.61E-01	+3.26	-3.21	4.87E-02	+3.26	-3.21	5.60E-03	+3.17	-3.13
133.5	7.37E-02	+9.48	-9.28	2.17E-03	+4.10	-4.06	2.18E-03	+8.07	-8.07	3.70E-01	+3.19	-3.18	5.02E-02	+3.20	-3.18	5.74E-03	+3.10	-3.07
134.0	7.28E-02	+9.43	-9.24	2.15E-03	+4.06	-4.02	2.21E-03	+8.04	-7.96	3.80E-01	+3.13	-3.11	5.17E-02	+3.14	-3.11	5.88E-03	+3.05	-3.02
134.5	7.18E-02	+9.38	-9.21	2.14E-03	+3.99	-3.98	2.24E-03	+8.00	-7.93	3.90E-01	+3.08	-3.04	5.32E-02	+3.08	-3.04	6.03E-03	+2.99	-2.97
135.0	7.08E-02	+9.34	-9.17	2.12E-03	+3.96	-3.86	2.27E-03	+7.91	-7.89	4.00E-01	+3.02	-2.97	5.47E-02	+3.02	-2.97	6.18E-03	+2.93	-2.93
135.5	6.97E-02	+9.30	-9.14	2.11E-03	+3.87	-3.85	2.29E-03	+7.86	-7.81	4.10E-01	+2.93	-2.92	5.62E-02	+2.93	-2.92	6.34E-03	+2.89	-2.86
136.0	6.87E-02	+9.25	-9.10	2.09E-03	+3.79	-3.79	2.32E-03	+7.79	-7.79	4.20E-01	+2.88	-2.84	5.77E-02	+2.88	-2.84	6.51E-03	+2.82	-2.81
136.5	6.76E-02	+9.21	-9.06	2.07E-03	+3.79	-3.78	2.34E-03	+7.76	-7.69	4.31E-01	+2.81	-2.78	5.91E-02	+2.82	-2.78	6.69E-03	+2.77	-2.76
137.0	6.65E-02	+9.17	-9.01	2.05E-03	+3.74	-3.66	2.36E-03	+7.73	-7.65	4.41E-01	+2.74	-2.73	6.06E-02	+2.74	-2.73	6.87E-03	+2.73	-2.70
137.5	6.54E-02	+9.14	-8.96	2.03E-03	+3.68	-3.65	2.38E-03	+7.65	-7.62	4.51E-01	+2.68	-2.66	6.20E-02	+2.68	-2.66	7.06E-03	+2.67	-2.65
138.0	6.43E-02	+9.08	-8.94	2.01E-03	+3.59	-3.59	2.40E-03	+7.57	-7.60	4.61E-01	+2.62	-2.58	6.34E-02	+2.64	-2.57	7.26E-03	+2.61	-2.61
138.5	6.31E-02	+9.05	-8.89	1.99E-03	+3.60	-3.51	2.41E-03	+7.56	-7.51	4.71E-01	+2.54	-2.53	6.48E-02	+2.55	-2.53	7.47E-03	+2.56	-2.54
139.0	6.20E-02	+9.02	-8.89	1.97E-03	+3.52	-3.49	2.43E-03	+7.46	-7.48	4.81E-01	+2.49	-2.44	6.61E-02	+2.49	-2.44	7.70E-03	+2.52	-2.50
139.5	6.08E-02	+8.96	-8.83	1.95E-03	+3.46	-3.44	2.44E-03	+7.43	-7.41	4.91E-01	+2.41	-2.40	6.75E-02	+2.41	-2.40	7.93E-03	+2.46	-2.43
140.0	5.96E-02	+8.92	-8.78	1.93E-03	+3.39	-3.41	2.45E-03	+7.36	-7.39	5.01E-01	+2.35	-2.34	6.87E-02	+2.36	-2.35	8.17E-03	+2.41	-2.39
140.5	5.84E-02	+8.91	-8.73	1.90E-03	+3.39	-3.30	2.46E-03	+7.34	-7.26	5.11E-01	+2.30	-2.27	7.00E-02	+2.30	-2.28	8.43E-03	+2.35	-2.35
141.0	5.72E-02	+8.86	-8.71	1.88E-03	+3.26	-3.30	2.47E-03	+7.25	-7.27	5.21E-01	+2.23	-2.21	7.12E-02	+2.23	-2.21	8.70E-03	+2.29	-2.29
141.5	5.60E-02	+8.83	-8.67	1.85E-03	+3.27	-3.17	2.48E-03	+7.24	-7.18	5.31E-01	+2.17	-2.15	7.24E-02	+2.18	-2.15	8.98E-03	+2.25	-2.24
142.0	5.48E-02	+8.78	-8.64	1.83E-03	+3.26	-3.17	2.48E-03	+7.17	-7.17	5.41E-01	+2.10	-2.09	7.35E-02	+2.09	-2.10	9.28E-03	+2.19	-2.18
142.5	5.35E-02	+8.74	-8.61	1.80E-03	+3.12	-3.13	2.49E-03	+7.09	-7.10	5.51E-01	+2.03	-2.04	7.46E-02	+2.03	-2.04	9.59E-03	+2.15	-2.12
143.0	5.23E-02	+8.72	-8.56	1.78E-03	+3.10	-3.11	2.49E-03	+7.09	-7.04	5.61E-01	+1.98	-1.95	7.56E-02	+1.98	-1.95	9.92E-03	+2.08	-2.08
143.5	5.11E-02	+8.70	-8.54	1.75E-03	+3.06	-3.06	2.49E-03	+7.03	-7.03	5.71E-01	+1.91	-1.89	7.66E-02	+1.91	-1.89	1.03E-02	+2.03	-2.03
144.0	4.98E-02	+8.63	-8.53	1.73E-03	+2.98	-3.06	2.49E-03	+6.96	-7.02	5.80E-01	+1.85	-1.84	7.75E-02	+1.85	-1.83	1.06E-02	+1.98	-1.98
144.5	4.86E-02	+8.60	-8.48	1.70E-03	+2.91	-2.98	2.48E-03	+6.90	-6.91	5.90E-01	+1.80	-1.78	7.84E-02	+1.80	-1.79	1.10E-02	+1.94	-1.95
145.0	4.73E-02	+8.57	-8.45	1.67E-03	+2.92	-2.84	2.48E-03	+6.89	-6.88	6.00E-01	+1.72	-1.74	7.92E-02	+1.73	-1.74	1.14E-02	+1.91	-1.88
145.5	4.60E-02	+8.53	-8.43	1.64E-03	+2.79	-2.89	2.47E-03	+6.77	-6.89	6.10E-01	+1.70	-1.66	7.99E-02	+1.70	-1.66	1.19E-02	+1.84	-1.86
146.0	4.48E-02	+8.51	-8.39	1.61E-03	+2.83	-2.85	2.46E-03	+6.81	-6.82	6.19E-01	+1.61	-1.61	8.06E-02	+1.61	-1.62	1.23E-02	+1.80	-1.78
146.5	4.35E-02	+8.47	-8.35	1.58E-03	+2.84	-2.70	2.45E-03	+6.70	-6.75	6.29E-01	+1.56	-1.57	8.11E-02	+1.55	-1.57	1.28E-02	+1.77	-1.74
147.0	4.22E-02	+8.44	-8.32	1.55E-03	+2.68	-2.74	2.43E-03	+6.69	-6.65	6.39E-01	+1.49	-1.52	8.16E-02	+1.49	-1.52	1.33E-02	+1.73	-1.69
147.5	4.09E-02	+8.43	-8.29	1.52E-03	+2.64	-2.61	2.42E-03	+6.60	-6.65	6.48E-01	+1.46	-1.46	8.20E-02	+1.47	-1.46	1.39E-02	+1.68	-1.67
148.0	3.97E-02	+8.39	-8.26	1.49E-03	+2.68	-2.55	2.40E-03	+6.64	-6.57	6.58E-01	+1.38	-1.40	8.23E-02	+1.38	-1.42	1.45E-02	+1.64	-1.60
148.5	3.84E-02	+8.36	-8.24	1.46E-03	+2.55	-2.59	2.38E-03	+6.52	-6.61	6.68E-01	+1.35	-1.33	8.25E-02	+1.34	-1.32	1.51E-02	+1.57	-1.58
149.0	3.71E-02	+8.26	-8.22	1.43E-03	+2.52	-2.50	2.36E-03	+6.48	-6.57	6.77E-01	+1.30	-1.28	8.26E-02	+1.30	-1.29	1.58E-02	+1.53	-1.54
149.5	3.58E-02	+8.33	-8.10	1.39E-03	+2.55	-2.43	2.33E-03	+6.53	-6.42	6.87E-01	+1.23	-1.25	8.26E-02	+1.22	-1.26	1.65E-02	+1.50	-1.48
150.0	3.46E-02	+8.27	-8.17	1.36E-03	+2.45	-2.43	2.31E-03	+6.38	-6.49	6.96E-01	+1.19	-1.18	8.25E-02	+1.19	-1.18	1.73E-02	+1.45	-1.45
152.0	2.94E-02	+8.15	-8.07	1.22E-03	+2.34	-2.27	2.18E-03	+6.30	-6.27	7.35E-01	+0.99	-0.98	8.08E-02	+0.99	-0.98	2.11E-02	+1.28	-1.29
154.0	2.43E-02	+8.02	-7.98	1.08E-03	+2.16	-2.10	2.01E-03	+6.12	-6.11	7.74E-01	+0.80	-0.79	7.66E-02	+0.80	-0.80	2.66E-02	+1.13	-1.13
156.0	1.92E-02	+7.94	-7.93	9.14E-04	+1.96	-2.02	1.79E-03	+5.99	-5.96	8.16E-01	+0.61	-0.61	6.92E-02	+0.62	-0.61	3.51E-02	+1.01	-0.98
158.0	1.38E-02	+7.87	-7.81	7.29E-04	+1.83	-1.85	1.50E-03	+5.77	-5.88	8.60E-01	+0.43	-0.44	5.76E-02	+0.44	-0.44	5.02E-02	+0.85	-0.84
160.0	8.64E-03	+7.82	-7.73	5.32E-04	+1.71	-1.72	1.15E-03	+5.71	-5.72	9.08E-01	+0.27	-0.27	4.15E-02	+0.28	-0.28	8.31E-02	+0.72	-0.71
162.0	5.04E-03	+7.85	-7.65	3.69E-04	+1.69	-1.61	8.41E-04	+5.68	-5.61	9.43E-01	+0.15	-0.15	2.82E-02	+0.18	-0.18	1.47E-01	+0.64	-0.64
164.0	3.54E-03	+7.82	-7.65	2.59E-04	+1.65	-1.58	6.06E-04	+5.60	-5.60	9.57E-01	+0.10	-0.11	2.31E-02	+0.14	-0.14	2.15E-01	+0.60	-0.60
165.0	3.14E-03	+7.81	-7.64	2.30E-04	+1.63	-1.60	5.45E-04	+5.61	-5.61	9.60E-01	+0.09	-0.09	2.22E-02	+0.13	-0.13	2.46E-01	+0.60	-0.59
166.0	2.85E-03	+7.76	-7.69	2.08E-04	+1.65	-1.58	5.00E-04	+5.60	-5.60	9.62E-01	+0.08	-0.08	2.18E-02	+0.12	-0.12	2.76E-01	+0.59	-0.59
168.0	2.46E-03	+7.72	-7.66	1.78E-04	+1.56	-1.69	4.39E-04	+5.55	-5.62	9.64E-01	+0.07	-0.07	2.22E-02	+0.11	-0.11	3.30E-01	+0.58	-0.58
170.0	2.20E-03	+7.73	-7.67	1.58E-04	+1.62	-1.60	4.00E-04	+5.59	-5.59	9.64E-01	+0.06	-0.06	2.36E-02	+0.10	-0.10	3.80E-01	+0.57	-0.57
172.0	2.02E-03	+7.72	-7.63	1.43E-04	+1.58	-1.65	3.71E-04	+5.57	-5.59	9.63E-01	+0.06	-0.06	2.61E-02	+0.10	-0.09	4.29E-01	+0.57	-0.57
174.0	1.88E-03	+7.70	-7.67	1.32E-04	+1.52	-1.66	3.48E-04	+5.57	-5.59	9.60E-01	+0.05	-0.05	2.98E-02	+0.09	-0.09	4.77E-01	+0.57	-0.57
175.0	1.81E-03	+7.75	-7.56	1.27E-04	+1.64	-1.59	3.38E-04	+5.60	-5.57	9.58E-01	+0.05	-0.05	3.23E-02	+0.08	-0.09	5.01E-01	+0.56	-0.56
176.0	1.76E-03	+7.70	-7.63	1.22E-04	+1.53	-1.65	3.29E-04	+5.58	-5.58	9.55E-01	+0.05	-0.05	3.54E-02	+0.08	-0.08	5.25E-01	+0.56	-0.56
178.0	1.66E-03	+7.71	-7.60	1.13E-04	+1.61	-1.61	3.12E-04	+5.58	-5.60	9.47E-01	+0.04	-0.04	4.44E-02	+0.09	-0.07	5.75E-01	+0.56	-0.56
180.0	1.56E-03	+7.73	-7.58	1.05E-04	+1.62	-1.60	2.96E-04	+5.61	-5.53	9.32E-01	+0.04	-0.04	6.02E-02	+0.07	-0.07	6.31E-01	+0.56	-0.56
182.0	1.44E-03	+7.70	-7.54	9.68E-05	+1.61	-1.58	2.76E-04	+5.60	-5.58	9.03E-01	+0.04	-0.04	9.00E-02	+0.05	-0.05	7.00E-01	+0.56	-0.56
184.0	1.32E-03	+7.76	-7.58	8.81E-05	+1.60	-1.59	2.54E-04	+5.57	-5.60	8.62E-01	+0.03	-0.03	1.31E-01	+0.04	-0.04	7.88E-01	+0.55	-0.55
185.0	1.27E-03	+7.68	-7.58	8.43E-05	+1.59	-1.59	2.44E-04	+5.56	-5.59	8.44E-01	+0.03	-0.03	1.50E-01	+0.04	-0.04	8.32E-01	+0.55	-0.55
186.0	1.23E-03	+7.66	-7.56	8.09E-05	+1.58	-1.59	2.36E-04	+5.56	-5.55	8.28E-01	+0.03	-0.03	1.66E-01	+0.03	-0.03	8.76E-01	+0.55	-0.55
188.0	1.15E-03	+7.64	-7.56	7.52E-05	+1.60	-1.58	2.22E-04	+5.63	-5.56	8.03E-01	+0.03	-0.03	1.91E-01	+0.03	-0.03	9.60E-01	+0.55	-0.55
190.0	1.09E-03	+7.68	-7.57	7.05E-05	+1.63	-1.54	2.11E-04	+5.60	-5.52	7.86E-01	+0.03	-0.03	2.09E-01	+0.03	-0.03	1.04E+00	+0.55	-0.55
192.0	1.05E-03	+7.65	-7.55	6.66E-05	+1.55	-1.62	2.02E-04	+5.53	-5.59	7.72E-01	+0.02	-0.03	2.23E-01	+0.04	-0.03	1.12E+00	+0.55	-0.55
194.0	1.01E-03	+7.72	-7.55	6.32E-05	+1.63	-1.55	1.94E-04	+5.60	-5.52	7.61E-01	+0.02	-0.02	2.34E-01	+0.03	-0.03	1.20E+00	+0.55	-0.55
195.0	9.94E-04	+7.64	-7.56	6.17E-05	+1.63	-1.63	1.91E-04	+5.60	-5.59	7.57E-01	+0.02	-0.02	2.39E-01	+0.03	-0.03	1.24E+00	+0.55	-0.55
196.0	9.78E-04	+7.66	-7.57	6.02E-05	+1.57	-1.63	1.87E-04	+5.53	-5.61	7.53E-01	+0.02	-0.02	2.43E-01	+0.03	-0.03	1.28E+00	+0.55	-0.55
198.0	9.50E-04	+7.65	-7.57	5.75E-05	+1.57	-1.63	1.81E-04	+5.53	-5.60	7.46E-01	+0.02	-0.02	2.50E-01	+0.03	-0.03	1.35E+00	+0.55	-0.55
200.0	9.26E-04	+7.64	-7.57	5.51E-05	+1.58	-1.63	1.75E-04	+5.54	-5.60	7.41E-01	+0.02	-0.02	2.55E-01	+0.02	-0.03	1.43E+00	+0.55	-0.55
202.0	9.04E-04	+7.65	-7.56	5.29E-05	+1.56	-1.64	1.70E-04	+5.54	-5.60	7.36E-01	+0.02	-0.02	2.60E-01	+0.02	-0.02	1.51E+00	+0.54	-0.55
204.0	8.84E-04	+7.65	-7.53	5.08E-05	+1.62	-1.58	1.65E-04	+5.60	-5.54	7.32E-01	+0.02	-0.02	2.65E-01	+0.03	-0.02	1.59E+00	+0.54	-0.55
206.0	8.66E-04	+7.64	-7.54	4.89E-05	+1.60	-1.62	1.61E-04	+5.55	-5.60	7.28E-01	+0.02	-0.02	2.68E-01	+0.02	-0.02	1.68E+00	+0.54	-0.54
208.0	8.50E-04	+7.64	-7.52	4.71E-05	+1.63	-1.59	1.56E-04	+5.66	-5.52	7.25E-01	+0.02	-0.02	2.71E-01	+0.02	-0.02	1.76E+00	+0.54	-0.54
210.0	8.36E-04	+7.64	-7.54	4.54E-05	+1.66	-1.57	1.52E-04	+5.61	-5.55	7.23E-01	+0.02	-0.02	2.74E-01	+0.02	-0.02	1.85E+00	+0.54	-0.54
212.0	8.22E-04	+7.62	-7.53	4.39E-05	+1.58	-1.66	1.48E-04	+5.52	-5.61	7.20E-01	+0.02	-0.02	2.76E-01	+0.02	-0.02	1.93E+00	+0.54	-0.54
214.0	8.10E-04	+7.61	-7.54	4.24E-05	+1.60	-1.63	1.45E-04	+5.56	-5.61	7.18E-01	+0.02	-0.02	2.78E-01	+0.03	-0.02	2.02E+00	+0.54	-0.54
216.0	7.98E-04	+7.61	-7.53	4.10E-05	+1.60	-1.66	1.41E-04	+5.63	-5.54	7.17E-01	+0.02	-0.02	2.80E-01	+0.02	-0.02	2.12E+00	+0.54	-0.54
218.0	7.87E-04	+7.61	-7.54	3.96E-05	+1.60	-1.62	1.38E-04	+5.61	-5.51	7.15E-01	+0.02	-0.02	2.82E-01	+0.02	-0.02	2.21E+00	+0.54	-0.54
220.0	7.77E-04	+7.63	-7.51	3.84E-05	+1.65	-1.63	1.34E-04	+5.62	-5.57	7.14E-01	+0.02	-0.02	2.84E-01	+0.02	-0.02	2.31E+00	+0.54	-0.54
222.0	7.68E-04	+7.62	-7.52	3.72E-05	+1.61	-1.64	1.31E-04	+5.58	-5.51	7.12E-01	+0.01	-0.02	2.85E-01	+0.03	-0.03	2.40E+00	+0.54	-0.54
224.0	7.59E-04	+7.61	-7.52	3.60E-05	+1.62	-1.61	1.28E-04	+5.58	-5.58	7.11E-01	+0.01	-0.02	2.86E-01	+0.02	-0.02	2.50E+00	+0.54	-0.54
226.0	7.50E-04	+7.62	-7.51	3.49E-05	+1.63	-1.61	1.25E-04	+5.58	-5.58	7.10E-01	+0.01	-0.01	2.87E-01	+0.02	-0.02	2.61E+00	+0.54	-0.54
228.0	7.43E-04	+7.61	-7.53	3.39E-05	+1.63	-1.62	1.22E-04	+5.52	-5.58	7.09E-01	+0.02	-0.01	2.88E-01	+0.01	-0.03	2.71E+00	+0.54	-0.54
230.0	7.35E-04	+7.61	-7.51	3.28E-05	+1.63	-1.62	1.19E-04	+5.59	-5.51	7.08E-01	+0.01	-0.01	2.89E-01	+0.02	-0.02	2.82E+00	+0.54	-0.54
232.0	7.29E-04	+7.61	-7.53	3.19E-05	+1.63	-1.63	1.17E-04	+5.51	-5.59	7.07E-01	+0.01	-0.01	2.90E-01	+0.02	-0.02	2.93E+00	+0.54	-0.54
234.0	7.22E-04	+7.61	-7.52	3.09E-05	+1.65	-1.63	1.14E-04	+5.60	-5.59	7.06E-01	+0.01	-0.01	2.91E-01	+0.02	-0.02	3.04E+00	+0.54	-0.54
236.0	7.16E-04	+7.62	-7.50	3.01E-05	+1.64	-1.64	1.11E-04	+5.60	-5.51	7.06E-01	+0.01	-0.01	2.92E-01	+0.02	-0.02	3.16E+00	+0.54	-0.54
238.0	7.10E-04	+7.59	-7.52	2.92E-05	+1.65	-1.68	1.09E-04	+5.60	-5.55	7.05E-01	+0.01	-0.01	2.93E-01	+0.02	-0.02	3.27E+00	+0.54	-0.54
240.0	7.05E-04	+7.62	-7.52	2.84E-05	+1.66	-1.65	1.07E-04	+5.52	-5.60	7.04E-01	+0.01	-0.01	2.94E-01	+0.02	-0.02	3.40E+00	+0.54	-0.54
242.0	7.00E-04	+7.62	-7.51	2.76E-05	+1.66	-1.65	1.04E-04	+5.61	-5.51	7.04E-01	+0.01	-0.01	2.94E-01	+0.02	-0.02	3.52E+00	+0.54	-0.54
244.0	6.95E-04	+7.61	-7.51	2.68E-05	+1.67	-1.68	1.02E-04	+5.61	-5.54	7.03E-01	+0.01	-0.01	2.95E-01	+0.02	-0.02	3.64E+00	+0.54	-0.54
246.0	6.90E-04	+7.62	-7.53	2.61E-05	+1.67	-1.66	9.96E-05	+5.57	-5.57	7.02E-01	+0.01	-0.01	2.96E-01	+0.02	-0.02	3.77E+00	+0.54	-0.54
248.0	6.86E-04	+7.62	-7.51	2.54E-05	+1.67	-1.67	9.75E-05	+5.58	-5.57	7.02E-01	+0.01	-0.01	2.96E-01	+0.02	-0.02	3.91E+00	+0.54	-0.54
250.0	6.82E-04	+7.63	-7.51	2.47E-05	+1.69	-1.67	9.54E-05	+5.58	-5.57	7.01E-01	+0.01	-0.01	2.97E-01	+0.02	-0.02	4.04E+00	+0.54	-0.54
252.0	6.78E-04	+7.64	-7.52	2.41E-05	+1.64	-1.73	9.33E-05	+5.57	-5.58	7.01E-01	+0.01	-0.01	2.97E-01	+0.02	-0.02	4.18E+00	+0.54	-0.54
254.0	6.75E-04	+7.62	-7.54	2.34E-05	+1.69	-1.68	9.13E-05	+5.57	-5.58	7.00E-01	+0.01	-0.01	2.98E-01	+0.02	-0.02	4.32E+00	+0.54	-0.54
256.0	6.72E-04	+7.61	-7.54	2.28E-05	+1.63	-1.70	8.94E-05	+5.56	-5.57	7.00E-01	+0.01	-0.01	2.98E-01	+0.02	-0.02	4.46E+00	+0.54	-0.54
258.0	6.69E-04	+7.63	-7.55	2.22E-05	+1.71	-1.69	8.75E-05	+5.58	-5.58	6.99E-01	+0.01	-0.01	2.99E-01	+0.02	-0.02	4.61E+00	+0.54	-0.54
260.0	6.66E-04	+7.65	-7.54	2.16E-05	+1.71	-1.70	8.57E-05	+5.58	-5.57	6.99E-01	+0.01	-0.01	2.99E-01	+0.02	-0.02	4.76E+00	+0.54	-0.54
262.0	6.63E-04	+7.65	-7.55	2.11E-05	+1.71	-1.70	8.39E-05	+5.58	-5.57	6.98E-01	+0.01	-0.01	3.00E-01	+0.02	-0.02	4.91E+00	+0.54	-0.54
264.0	6.61E-04	+7.67	-7.56	2.06E-05	+1.71	-1.71	8.21E-05	+5.58	-5.57	6.98E-01	+0.01	-0.01	3.00E-01	+0.02	-0.02	5.07E+00	+0.54	-0.54
266.0	6.59E-04	+7.68	-7.56	2.01E-05	+1.67	-1.71	8.05E-05	+5.58	-5.58	6.98E-01	+0.01	-0.01	3.01E-01	+0.02	-0.02	5.23E+00	+0.54	-0.54
268.0	6.57E-04	+7.69	-7.55	1.96E-05	+1.73	-1.72	7.88E-05	+5.59	-5.58	6.97E-01	+0.01	-0.01	3.01E-01	+0.02	-0.02	5.39E+00	+0.53	-0.54
270.0	6.55E-04	+7.69	-7.57	1.91E-05	+1.73	-1.72	7.72E-05	+5.58	-5.58	6.97E-01	+0.01	-0.01	3.02E-01	+0.02	-0.02	5.55E+00	+0.53	-0.54
272.0	6.54E-04	+7.68	-7.59	1.86E-05	+1.68	-1.73	7.56E-05	+5.59	-5.58	6.96E-01	+0.01	-0.01	3.02E-01	+0.02	-0.02	5.72E+00	+0.53	-0.53
274.0	6.52E-04	+7.71	-7.58	1.82E-05	+1.69	-1.73	7.41E-05	+5.59	-5.58	6.96E-01	+0.01	-0.01	3.02E-01	+0.02	-0.02	5.89E+00	+0.53	-0.53
276.0	6.51E-04	+7.73	-7.61	1.77E-05	+1.75	-1.74	7.26E-05	+5.57	-5.58	6.96E-01	+0.01	-0.01	3.03E-01	+0.02	-0.02	6.07E+00	+0.53	-0.53
278.0	6.50E-04	+7.73	-7.61	1.73E-05	+1.75	-1.75	7.12E-05	+5.59	-5.58	6.95E-01	+0.01	-0.01	3.03E-01	+0.02	-0.02	6.25E+00	+0.53	-0.53
280.0	6.50E-04	+7.74	-7.63	1.69E-05	+1.76	-1.75	6.98E-05	+5.59	-5.58	6.95E-01	+0.01	-0.01	3.04E-01	+0.02	-0.02	6.43E+00	+0.53	-0.53
282.0	6.49E-04	+7.77	-7.63	1.65E-05	+1.76	-1.76	6.84E-05	+5.58	-5.59	6.95E-01	+0.01	-0.01	3.04E-01	+0.02	-0.02	6.61E+00	+0.53	-0.53
284.0	6.49E-04	+7.77	-7.65	1.61E-05	+1.71	-1.76	6.71E-05	+5.59	-5.57	6.94E-01	+0.01	-0.01	3.04E-01	+0.02	-0.02	6.80E+00	+0.53	-0.53
286.0	6.49E-04	+7.80	-7.65	1.57E-05	+1.71	-1.77	6.57E-05	+5.58	-5.57	6.94E-01	+0.01	-0.01	3.05E-01	+0.02	-0.02	6.99E+00	+0.53	-0.53
288.0	6.49E-04	+7.82	-7.68	1.54E-05	+1.72	-1.77	6.45E-05	+5.58	-5.57	6.93E-01	+0.01	-0.01	3.05E-01	+0.02	-0.02	7.19E+00	+0.53	-0.53
290.0	6.49E-04	+7.86	-7.70	1.50E-05	+1.79	-1.78	6.32E-05	+5.58	-5.57	6.93E-01	+0.01	-0.01	3.05E-01	+0.02	-0.02	7.39E+00	+0.53	-0.53
292.0	6.49E-04	+7.87	-7.72	1.47E-05	+1.79	-1.80	6.20E-05	+5.60	-5.59	6.93E-01	+0.01	-0.01	3.06E-01	+0.02	-0.02	7.59E+00	+0.53	-0.53
294.0	6.50E-04	+7.88	-7.74	1.44E-05	+1.73	-1.81	6.08E-05	+5.58	-5.59	6.93E-01	+0.01	-0.01	3.06E-01	+0.02	-0.03	7.79E+00	+0.52	-0.53
296.0	6.51E-04	+7.93	-7.76	1.41E-05	+1.73	-1.79	5.97E-05	+5.58	-5.58	6.92E-01	+0.01	-0.01	3.06E-01	+0.02	-0.03	8.00E+00	+0.52	-0.53
298.0	6.52E-04	+7.95	-7.77	1.37E-05	+1.82	-1.80	5.86E-05	+5.60	-5.58	6.92E-01	+0.01	-0.01	3.07E-01	+0.02	-0.02	8.22E+00	+0.52	-0.53
300.0	6.53E-04	+7.97	-7.82	1.34E-05	+1.81	-1.82	5.75E-05	+5.58	-5.59	6.92E-01	+0.01	-0.01	3.07E-01	+0.03	-0.02	8.43E+00	+0.52	-0.52
305.0	6.58E-04	+8.08	-7.86	1.27E-05	+1.84	-1.83	5.48E-05	+5.58	-5.59	6.91E-01	+0.01	-0.01	3.08E-01	+0.03	-0.02	8.99E+00	+0.52	-0.52
310.0	6.64E-04	+8.19	-7.95	1.21E-05	+1.86	-1.85	5.24E-05	+5.59	-5.58	6.90E-01	+0.01	-0.01	3.08E-01	+0.03	-0.03	9.57E+00	+0.51	-0.52
315.0	6.71E-04	+8.36	-8.06	1.14E-05	+1.86	-1.85	5.00E-05	+5.57	-5.56	6.90E-01	+0.01	-0.01	3.09E-01	+0.03	-0.04	1.02E+01	+0.51	-0.51
320.0	6.80E-04	+8.63	-8.15	1.09E-05	+1.90	-1.86	4.78E-05	+5.69	-5.55	6.89E-01	+0.01	-0.01	3.09E-01	+0.04	-0.04	1.08E+01	+0.51	-0.52
325.0	6.93E-04	+8.76	-8.40	1.03E-05	+1.88	-1.94	4.58E-05	+5.53	-5.58	6.88E-01	+0.01	-0.01	3.10E-01	+0.04	-0.05	1.14E+01	+0.52	-0.54
330.0	7.07E-04	+9.13	-8.58	9.83E-06	+1.93	-1.96	4.38E-05	+5.60	-5.52	6.88E-01	+0.01	-0.01	3.10E-01	+0.05	-0.06	1.21E+01	+0.54	-0.57
335.0	7.26E-04	+9.63	-8.96	9.37E-06	+1.93	-2.00	4.21E-05	+5.54	-5.52	6.87E-01	+0.02	-0.03	3.11E-01	+0.07	-0.09	1.28E+01	+0.58	-0.65
340.0	7.50E-04	+10.77	-9.41	8.91E-06	+2.06	-2.52	4.03E-05	+5.62	-5.51	6.87E-01	+0.03	-0.19	3.11E-01	+0.10	-0.27	1.35E+01	+0.66	-0.73
345.0	7.83E-04	+9.45	-10.19	8.44E-06	+3.35	-6.12	3.88E-05	+5.52	-7.54	6.85E-01	+0.20	-1.28	3.11E-01	+0.29	-1.37	1.42E+01	+1.99	-0.52
350.0	8.14E-04	+9.39	-10.54	7.73E-06	+6.02	-7.98	3.65E-05	+7.57	-8.70	6.76E-01	+1.31	-1.99	3.07E-01	+1.41	-2.06	1.52E+01	+2.96	-1.97
360.0	8.51E-04	+8.18	-8.60	6.25E-06	+8.97	-8.86	3.17E-05	+9.07	-8.98	6.51E-01	+2.23	-2.21	2.97E-01	+2.29	-2.24	1.76E+01	+3.10	-3.06
370.0	8.64E-04	+7.77	-7.96	5.03E-06	+9.77	-9.32	2.76E-05	+9.20	-9.00	6.28E-01	+2.30	-2.20	2.87E-01	+2.33	-2.20	2.02E+01	+2.98	-3.04
380.0	8.61E-04	+7.69	-7.73	4.06E-06	+10.05	-9.59	2.42E-05	+9.08	-8.86	6.09E-01	+2.24	-2.12	2.80E-01	+2.24	-2.10	2.31E+01	+2.80	-2.90
390.0	8.50E-04	+7.73	-7.70	3.27E-06	+10.37	-9.68	2.14E-05	+8.97	-8.69	5.94E-01	+2.14	-2.01	2.74E-01	+2.12	-1.98	2.61E+01	+2.62	-2.73
400.0	8.32E-04	+7.79	-7.74	2.65E-06	+10.41	-9.81	1.90E-05	+8.74	-8.50	5.82E-01	+2.01	-1.91	2.69E-01	+1.97	-1.87	2.92E+01	+2.45	-2.54
420.0	7.89E-04	+7.91	-7.92	1.74E-06	+10.65	-9.80	1.53E-05	+8.27	-8.22	5.65E-01	+1.79	-1.70	2.63E-01	+1.73	-1.63	3.59E+01	+2.14	-2.22
440.0	7.42E-04	+8.06	-8.02	1.15E-06	+10.73	-10.09	1.26E-05	+8.01	-7.82	5.55E-01	+1.59	-1.50	2.60E-01	+1.52	-1.43	4.30E+01	+1.88	-1.96
450.0	7.18E-04	+8.10	-8.06	9.28E-07	+10.90	-9.99	1.15E-05	+7.83	-7.63	5.51E-01	+1.51	-1.42	2.59E-01	+1.44	-1.34	4.68E+01	+1.76	-1.85
460.0	6.94E-04	+8.15	-8.08	7.50E-07	+10.79	-10.07	1.05E-05	+7.70	-7.47	5.49E-01	+1.41	-1.35	2.59E-01	+1.34	-1.28	5.08E+01	+1.68	-1.73
480.0	6.47E-04	+8.26	-8.13	4.86E-07	+10.96	-9.67	8.88E-06	+7.39	-7.24	5.46E-01	+1.27	-1.21	2.60E-01	+1.20	-1.15	5.91E+01	+1.51	-1.56
500.0	6.04E-04	+8.87	-8.78	3.11E-07	+10.95	-9.50	7.59E-06	+7.71	-7.55	5.46E-01	+1.39	-1.33	2.61E-01	+1.35	-1.31	6.80E+01	+1.96	-2.00
520.0	5.62E-04	+9.08	-8.98	1.96E-07	+9.92	-8.16	6.54E-06	+7.64	-7.50	5.47E-01	+1.39	-1.35	2.63E-01	+1.44	-1.40	7.75E+01	+2.16	-2.19
540.0	5.24E-04	+9.27	-9.24	1.24E-07	+7.35	-5.18	5.67E-06	+7.60	-7.48	5.49E-01	+1.47	-1.44	2.65E-01	+1.53	-1.50	8.77E+01	+2.41	-2.43
550.0	5.06E-04	+9.41	-9.30	9.89E-08	+5.15	-3.65	5.30E-06	+7.60	-7.48	5.50E-01	+1.51	-1.48	2.66E-01	+1.56	-1.53	9.30E+01	+2.53	-2.55
560.0	4.88E-04	+9.51	-9.46	8.10E-08	+7.75	-4.06	4.96E-06	+7.61	-7.49	5.52E-01	+1.55	-1.51	2.67E-01	+1.60	-1.58	9.86E+01	+2.65	-2.68
580.0	4.55E-04	+9.72	-9.75	5.92E-08	+14.26	-11.21	4.35E-06	+7.78	-7.74	5.55E-01	+1.61	-1.57	2.70E-01	+1.65	-1.62	1.10E+02	+2.90	-2.93
600.0	4.24E-04	+10.15	-9.94	5.03E-08	+19.82	-16.80	3.84E-06	+8.25	-7.97	5.58E-01	+1.65	-1.65	2.72E-01	+1.69	-1.68	1.23E+02	+3.18	-3.18
620.0	3.96E-04	+10.36	-10.25	4.82E-08	+23.29	-19.88	3.40E-06	+8.55	-8.44	5.62E-01	+1.72	-1.69	2.75E-01	+1.75	-1.72	1.36E+02	+3.46	-3.48
640.0	3.69E-04	+10.72	-10.56	5.29E-08	+27.25	-23.58	3.03E-06	+9.01	-8.84	5.66E-01	+1.75	-1.75	2.77E-01	+1.77	-1.77	1.50E+02	+3.78	-3.78
650.0	3.57E-04	+10.91	-10.70	5.82E-08	+27.12	-24.63	2.86E-06	+9.26	-9.07	5.68E-01	+1.76	-1.76	2.79E-01	+1.78	-1.78	1.58E+02	+3.94	-3.94
660.0	3.45E-04	+11.07	-10.94	6.60E-08	+26.28	-23.91	2.70E-06	+9.47	-9.31	5.70E-01	+1.79	-1.77	2.80E-01	+1.81	-1.79	1.65E+02	+4.11	-4.12
680.0	3.22E-04	+11.57	-11.24	8.65E-08	+21.83	-20.91	2.42E-06	+10.01	-9.70	5.73E-01	+1.82	-1.83	2.82E-01	+1.84	-1.84	1.82E+02	+4.49	-4.49
700.0	3.01E-04	+11.92	-11.70	1.11E-07	+19.25	-17.81	2.18E-06	+10.54	-10.18	5.77E-01	+1.84	-1.86	2.85E-01	+1.85	-1.87	1.99E+02	+4.88	-4.88
720.0	2.81E-04	+12.50	-12.16	1.38E-07	+16.82	-16.02	1.96E-06	+11.14	-10.71	5.81E-01	+1.88	-1.91	2.87E-01	+1.88	-1.92	2.17E+02	+5.33	-5.32
740.0	2.63E-04	+13.05	-12.58	1.65E-07	+15.60	-14.68	1.77E-06	+11.71	-11.27	5.84E-01	+1.92	-1.94	2.89E-01	+1.91	-1.94	2.37E+02	+5.80	-5.81
750.0	2.55E-04	+13.30	-12.88	1.79E-07	+15.16	-14.24	1.69E-06	+12.06	-11.57	5.86E-01	+1.93	-1.96	2.90E-01	+1.93	-1.95	2.47E+02	+6.06	-6.07
760.0	2.46E-04	+13.64	-13.12	1.92E-07	+14.75	-13.89	1.61E-06	+12.42	-11.84	5.88E-01	+1.93	-1.98	2.91E-01	+1.93	-1.98	2.58E+02	+6.33	-6.33
780.0	2.31E-04	+14.30	-13.67	2.18E-07	+14.31	-13.58	1.46E-06	+13.10	-12.50	5.91E-01	+1.96	-2.02	2.94E-01	+1.96	-2.01	2.80E+02	+6.90	-6.90
800.0	2.16E-04	+15.01	-14.27	2.44E-07	+14.43	-13.28	1.33E-06	+13.95	-13.09	5.94E-01	+1.99	-2.07	2.96E-01	+1.98	-2.06	3.04E+02	+7.53	-7.52
820.0	2.03E-04	+15.93	-14.86	2.69E-07	+14.45	-13.17	1.22E-06	+14.77	-13.79	5.98E-01	+2.03	-2.11	2.97E-01	+2.01	-2.09	3.30E+02	+8.19	-8.20
840.0	1.90E-04	+16.73	-15.56	2.93E-07	+14.56	-13.38	1.12E-06	+15.73	-14.49	6.01E-01	+2.04	-2.15	2.99E-01	+2.03	-2.14	3.57E+02	+8.93	-8.92
850.0	1.84E-04	+17.25	-15.83	3.04E-07	+14.87	-13.43	1.07E-06	+16.29	-14.86	6.02E-01	+2.05	-2.17	3.00E-01	+2.04	-2.16	3.71E+02	+9.31	-9.30
860.0	1.78E-04	+17.71	-16.27	3.15E-07	+15.29	-13.49	1.02E-06	+16.75	-15.28	6.04E-01	+2.07	-2.20	3.01E-01	+2.05	-2.18	3.86E+02	+9.71	-9.71
880.0	1.67E-04	+18.86	-16.91	3.37E-07	+15.76	-13.86	9.44E-07	+17.86	-16.04	6.06E-01	+2.09	-2.25	3.03E-01	+2.07	-2.22	4.16E+02	+10.56	-10.55
900.0	1.57E-04	+19.98	-17.73	3.58E-07	+16.22	-14.44	8.72E-07	+19.03	-16.88	6.09E-01	+2.11	-2.29	3.04E-01	+2.09	-2.27	4.49E+02	+11.47	-11.47
920.0	1.48E-04	+21.21	-18.55	3.77E-07	+17.86	-14.69	8.07E-07	+20.32	-17.76	6.12E-01	+2.14	-2.34	3.06E-01	+2.11	-2.32	4.84E+02	+12.45	-12.45
940.0	1.39E-04	+22.50	-19.45	3.93E-07	+18.59	-15.56	7.49E-07	+21.73	-18.65	6.14E-01	+2.15	-2.39	3.07E-01	+2.13	-2.37	5.21E+02	+13.50	-13.49
950.0	1.34E-04	+23.31	-19.92	4.00E-07	+19.17	-15.86	7.22E-07	+22.49	-19.12	6.16E-01	+2.16	-2.42	3.08E-01	+2.13	-2.39	5.40E+02	+14.05	-14.05
960.0	1.30E-04	+24.06	-20.40	4.08E-07	+19.89	-16.20	6.97E-07	+23.28	-19.56	6.17E-01	+2.17	-2.45	3.09E-01	+2.14	-2.42	5.60E+02	+14.62	-14.62
980.0	1.23E-04	+25.74	-21.39	4.27E-07	+21.31	-16.87	6.50E-07	+24.94	-20.54	6.19E-01	+2.19	-2.50	3.10E-01	+2.16	-2.47	6.02E+02	+15.82	-15.82
1000.0	1.15E-04	+27.50	-22.39	4.39E-07	+22.95	-17.69	6.08E-07	+26.77	-21.56	6.21E-01	+2.20	-2.55	3.11E-01	+2.17	-2.52	6.47E+02	+17.10	-17.09
