mH_GeV 	H_bb 	    Err_Hi  Err_Lo  H_tautau    Err_Hi  Err_Lo  H_mumu      Err_Hi  Err_Lo  H_ccbar     Err_Hi  Err_Lo  H_ttbar     Err_Hi  Err_Lo  H_ssbar     Err_Hi  Err_Lo
80.0	8.24E-01	+1.44	-1.48	8.27E-02	+7.01	-6.85	2.87E-04	+7.37	-7.15	4.18E-02	+12.11	-12.06	0.00E+00	+0.00	-0.00	3.53E-04	+5.22	-5.19
81.0	8.23E-01	+1.45	-1.49	8.27E-02	+7.01	-6.83	2.88E-04	+7.35	-7.16	4.17E-02	+12.11	-12.07	0.00E+00	+0.00	-0.00	3.52E-04	+5.23	-5.19
82.0	8.21E-01	+1.47	-1.50	8.28E-02	+7.00	-6.84	2.88E-04	+7.34	-7.17	4.16E-02	+12.11	-12.09	0.00E+00	+0.00	-0.00	3.52E-04	+5.24	-5.20
83.0	8.20E-01	+1.48	-1.52	8.29E-02	+6.99	-6.85	2.88E-04	+7.33	-7.16	4.16E-02	+12.10	-12.11	0.00E+00	+0.00	-0.00	3.51E-04	+5.25	-5.20
84.0	8.19E-01	+1.50	-1.53	8.30E-02	+7.00	-6.84	2.88E-04	+7.34	-7.17	4.15E-02	+12.13	-12.09	0.00E+00	+0.00	-0.00	3.51E-04	+5.23	-5.22
85.0	8.17E-01	+1.51	-1.55	8.30E-02	+6.99	-6.83	2.89E-04	+7.34	-7.14	4.14E-02	+12.14	-12.09	0.00E+00	+0.00	-0.00	3.50E-04	+5.24	-5.22
86.0	8.16E-01	+1.52	-1.56	8.31E-02	+6.97	-6.84	2.89E-04	+7.33	-7.16	4.13E-02	+12.16	-12.09	0.00E+00	+0.00	-0.00	3.49E-04	+5.26	-5.20
87.0	8.15E-01	+1.54	-1.58	8.31E-02	+6.98	-6.84	2.89E-04	+7.31	-7.17	4.13E-02	+12.13	-12.11	0.00E+00	+0.00	-0.00	3.49E-04	+5.27	-5.21
88.0	8.13E-01	+1.55	-1.59	8.32E-02	+6.99	-6.82	2.89E-04	+7.33	-7.14	4.12E-02	+12.15	-12.12	0.00E+00	+0.00	-0.00	3.48E-04	+5.28	-5.19
89.0	8.12E-01	+1.57	-1.61	8.32E-02	+6.96	-6.82	2.89E-04	+7.33	-7.11	4.11E-02	+12.14	-12.12	0.00E+00	+0.00	-0.00	3.47E-04	+5.25	-5.22
90.0	8.10E-01	+1.58	-1.63	8.33E-02	+6.97	-6.81	2.89E-04	+7.31	-7.11	4.10E-02	+12.14	-12.13	0.00E+00	+0.00	-0.00	3.47E-04	+5.24	-5.22
91.0	8.09E-01	+1.60	-1.64	8.33E-02	+6.97	-6.80	2.89E-04	+7.28	-7.16	4.09E-02	+12.16	-12.13	0.00E+00	+0.00	-0.00	3.46E-04	+5.25	-5.23
92.0	8.07E-01	+1.61	-1.66	8.33E-02	+6.96	-6.79	2.89E-04	+7.29	-7.10	4.08E-02	+12.19	-12.13	0.00E+00	+0.00	-0.00	3.45E-04	+5.28	-5.20
93.0	8.05E-01	+1.64	-1.68	8.33E-02	+6.96	-6.80	2.89E-04	+7.26	-7.11	4.07E-02	+12.17	-12.14	0.00E+00	+0.00	-0.00	3.44E-04	+5.28	-5.19
94.0	8.03E-01	+1.65	-1.70	8.33E-02	+6.97	-6.77	2.89E-04	+7.30	-7.10	4.06E-02	+12.19	-12.15	0.00E+00	+0.00	-0.00	3.44E-04	+5.27	-5.21
95.0	8.01E-01	+1.67	-1.72	8.32E-02	+6.94	-6.77	2.89E-04	+7.26	-7.11	4.05E-02	+12.20	-12.14	0.00E+00	+0.00	-0.00	3.43E-04	+5.29	-5.21
96.0	7.99E-01	+1.69	-1.74	8.32E-02	+6.93	-6.77	2.89E-04	+7.27	-7.07	4.04E-02	+12.22	-12.14	0.00E+00	+0.00	-0.00	3.42E-04	+5.28	-5.21
97.0	7.97E-01	+1.71	-1.76	8.31E-02	+6.93	-6.76	2.89E-04	+7.25	-7.09	4.03E-02	+12.17	-12.19	0.00E+00	+0.00	-0.00	3.41E-04	+5.28	-5.22
98.0	7.95E-01	+1.73	-1.78	8.31E-02	+6.90	-6.75	2.88E-04	+7.22	-7.07	4.02E-02	+12.20	-12.17	0.00E+00	+0.00	-0.00	3.40E-04	+5.26	-5.20
99.0	7.92E-01	+1.76	-1.80	8.29E-02	+6.90	-6.73	2.88E-04	+7.23	-7.08	4.00E-02	+12.21	-12.17	0.00E+00	+0.00	-0.00	3.39E-04	+5.25	-5.24
100.0	7.89E-01	+1.78	-1.83	8.28E-02	+6.87	-6.73	2.88E-04	+7.22	-7.04	3.99E-02	+12.22	-12.17	0.00E+00	+0.00	-0.00	3.37E-04	+5.27	-5.19
101.0	7.86E-01	+1.80	-1.86	8.27E-02	+6.86	-6.71	2.87E-04	+7.19	-7.06	3.97E-02	+12.24	-12.16	0.00E+00	+0.00	-0.00	3.36E-04	+5.27	-5.21
102.0	7.83E-01	+1.83	-1.88	8.25E-02	+6.85	-6.69	2.86E-04	+7.15	-7.05	3.96E-02	+12.24	-12.17	0.00E+00	+0.00	-0.00	3.35E-04	+5.23	-5.25
103.0	7.79E-01	+1.86	-1.91	8.22E-02	+6.84	-6.68	2.86E-04	+7.16	-7.02	3.94E-02	+12.24	-12.17	0.00E+00	+0.00	-0.00	3.33E-04	+5.25	-5.22
104.0	7.75E-01	+1.89	-1.94	8.20E-02	+6.80	-6.67	2.85E-04	+7.10	-7.02	3.92E-02	+12.24	-12.21	0.00E+00	+0.00	-0.00	3.31E-04	+5.22	-5.22
105.0	7.71E-01	+1.93	-1.98	8.17E-02	+6.79	-6.65	2.84E-04	+7.11	-6.98	3.90E-02	+12.24	-12.20	0.00E+00	+0.00	-0.00	3.30E-04	+5.24	-5.21
106.0	7.66E-01	+1.96	-2.01	8.13E-02	+6.75	-6.63	2.82E-04	+7.08	-6.95	3.87E-02	+12.22	-12.23	0.00E+00	+0.00	-0.00	3.28E-04	+5.20	-5.21
107.0	7.61E-01	+2.00	-2.05	8.10E-02	+6.73	-6.60	2.81E-04	+7.04	-6.91	3.85E-02	+12.24	-12.23	0.00E+00	+0.00	-0.00	3.25E-04	+5.19	-5.20
108.0	7.56E-01	+2.04	-2.09	8.05E-02	+6.71	-6.57	2.80E-04	+7.01	-6.91	3.82E-02	+12.23	-12.22	0.00E+00	+0.00	-0.00	3.23E-04	+5.21	-5.18
109.0	7.50E-01	+2.08	-2.13	8.00E-02	+6.67	-6.55	2.78E-04	+7.02	-6.84	3.79E-02	+12.25	-12.21	0.00E+00	+0.00	-0.00	3.20E-04	+5.20	-5.18
110.0	7.44E-01	+2.13	-2.18	7.95E-02	+6.64	-6.51	2.76E-04	+6.95	-6.81	3.76E-02	+12.25	-12.22	0.00E+00	+0.00	-0.00	3.18E-04	+5.20	-5.16
110.5	7.40E-01	+2.15	-2.21	7.92E-02	+6.62	-6.50	2.75E-04	+6.91	-6.82	3.74E-02	+12.25	-12.21	0.00E+00	+0.00	-0.00	3.16E-04	+5.20	-5.14
111.0	7.37E-01	+2.18	-2.23	7.89E-02	+6.60	-6.48	2.74E-04	+6.91	-6.83	3.72E-02	+12.26	-12.21	0.00E+00	+0.00	-0.00	3.15E-04	+5.16	-5.16
111.5	7.33E-01	+2.20	-2.26	7.85E-02	+6.59	-6.45	2.73E-04	+6.92	-6.74	3.70E-02	+12.26	-12.21	0.00E+00	+0.00	-0.00	3.13E-04	+5.18	-5.14
112.0	7.29E-01	+2.22	-2.28	7.82E-02	+6.57	-6.43	2.71E-04	+6.91	-6.72	3.68E-02	+12.24	-12.21	0.00E+00	+0.00	-0.00	3.11E-04	+5.15	-5.17
112.5	7.25E-01	+2.25	-2.31	7.78E-02	+6.55	-6.41	2.70E-04	+6.86	-6.73	3.66E-02	+12.24	-12.23	0.00E+00	+0.00	-0.00	3.10E-04	+5.18	-5.11
113.0	7.21E-01	+2.28	-2.33	7.75E-02	+6.52	-6.39	2.69E-04	+6.80	-6.72	3.64E-02	+12.24	-12.24	0.00E+00	+0.00	-0.00	3.08E-04	+5.13	-5.16
113.5	7.17E-01	+2.31	-2.37	7.71E-02	+6.50	-6.38	2.68E-04	+6.82	-6.66	3.62E-02	+12.25	-12.23	0.00E+00	+0.00	-0.00	3.06E-04	+5.18	-5.11
114.0	7.12E-01	+2.34	-2.39	7.67E-02	+6.46	-6.36	2.66E-04	+6.77	-6.68	3.60E-02	+12.27	-12.21	0.00E+00	+0.00	-0.00	3.04E-04	+5.16	-5.11
114.5	7.08E-01	+2.36	-2.43	7.63E-02	+6.45	-6.33	2.65E-04	+6.73	-6.65	3.57E-02	+12.27	-12.21	0.00E+00	+0.00	-0.00	3.02E-04	+5.11	-5.11
115.0	7.03E-01	+2.40	-2.46	7.58E-02	+6.42	-6.31	2.63E-04	+6.73	-6.63	3.55E-02	+12.24	-12.21	0.00E+00	+0.00	-0.00	3.00E-04	+5.08	-5.15
115.5	6.98E-01	+2.43	-2.50	7.53E-02	+6.41	-6.28	2.62E-04	+6.72	-6.56	3.53E-02	+12.24	-12.24	0.00E+00	+0.00	-0.00	2.98E-04	+5.08	-5.12
116.0	6.93E-01	+2.47	-2.52	7.49E-02	+6.36	-6.27	2.60E-04	+6.67	-6.53	3.50E-02	+12.23	-12.23	0.00E+00	+0.00	-0.00	2.96E-04	+5.06	-5.10
116.5	6.88E-01	+2.50	-2.56	7.44E-02	+6.33	-6.24	2.58E-04	+6.62	-6.54	3.47E-02	+12.22	-12.25	0.00E+00	+0.00	-0.00	2.94E-04	+5.05	-5.10
117.0	6.83E-01	+2.53	-2.60	7.39E-02	+6.32	-6.20	2.56E-04	+6.60	-6.49	3.45E-02	+12.21	-12.23	0.00E+00	+0.00	-0.00	2.92E-04	+5.05	-5.08
117.5	6.77E-01	+2.57	-2.64	7.33E-02	+6.27	-6.18	2.54E-04	+6.60	-6.46	3.42E-02	+12.23	-12.24	0.00E+00	+0.00	-0.00	2.89E-04	+5.07	-5.05
118.0	6.72E-01	+2.61	-2.67	7.28E-02	+6.24	-6.15	2.53E-04	+6.57	-6.42	3.39E-02	+12.21	-12.25	0.00E+00	+0.00	-0.00	2.87E-04	+5.03	-5.07
118.5	6.66E-01	+2.64	-2.71	7.22E-02	+6.22	-6.12	2.51E-04	+6.53	-6.38	3.36E-02	+12.25	-12.21	0.00E+00	+0.00	-0.00	2.84E-04	+5.02	-5.04
119.0	6.60E-01	+2.68	-2.74	7.16E-02	+6.18	-6.09	2.49E-04	+6.44	-6.38	3.33E-02	+12.23	-12.21	0.00E+00	+0.00	-0.00	2.82E-04	+4.96	-5.06
119.5	6.54E-01	+2.72	-2.79	7.10E-02	+6.15	-6.06	2.47E-04	+6.40	-6.36	3.30E-02	+12.23	-12.23	0.00E+00	+0.00	-0.00	2.79E-04	+5.01	-5.00
120.0	6.48E-01	+2.76	-2.83	7.04E-02	+6.13	-6.01	2.44E-04	+6.40	-6.31	3.27E-02	+12.25	-12.20	0.00E+00	+0.00	-0.00	2.76E-04	+5.02	-4.99
120.1	6.46E-01	+2.77	-2.83	7.03E-02	+6.11	-6.01	2.44E-04	+6.42	-6.27	3.26E-02	+12.21	-12.25	0.00E+00	+0.00	-0.00	2.76E-04	+4.96	-5.01
120.2	6.45E-01	+2.78	-2.84	7.01E-02	+6.11	-6.01	2.43E-04	+6.35	-6.33	3.26E-02	+12.25	-12.22	0.00E+00	+0.00	-0.00	2.75E-04	+5.01	-5.01
120.3	6.44E-01	+2.78	-2.85	7.00E-02	+6.07	-6.02	2.43E-04	+6.41	-6.27	3.25E-02	+12.21	-12.24	0.00E+00	+0.00	-0.00	2.75E-04	+4.95	-5.02
120.4	6.42E-01	+2.79	-2.85	6.99E-02	+6.08	-6.00	2.43E-04	+6.36	-6.27	3.24E-02	+12.23	-12.20	0.00E+00	+0.00	-0.00	2.74E-04	+5.00	-5.00
120.5	6.41E-01	+2.80	-2.86	6.98E-02	+6.07	-6.00	2.42E-04	+6.37	-6.24	3.24E-02	+12.20	-12.23	0.00E+00	+0.00	-0.00	2.74E-04	+4.95	-4.99
120.6	6.40E-01	+2.81	-2.87	6.96E-02	+6.09	-5.98	2.42E-04	+6.33	-6.27	3.23E-02	+12.22	-12.23	0.00E+00	+0.00	-0.00	2.73E-04	+4.98	-4.99
120.7	6.39E-01	+2.82	-2.88	6.95E-02	+6.08	-5.97	2.41E-04	+6.37	-6.24	3.22E-02	+12.23	-12.19	0.00E+00	+0.00	-0.00	2.73E-04	+4.95	-5.00
120.8	6.37E-01	+2.82	-2.89	6.94E-02	+6.06	-5.97	2.41E-04	+6.31	-6.27	3.22E-02	+12.20	-12.23	0.00E+00	+0.00	-0.00	2.72E-04	+4.96	-5.00
120.9	6.36E-01	+2.83	-2.90	6.92E-02	+6.05	-5.97	2.40E-04	+6.33	-6.24	3.21E-02	+12.22	-12.21	0.00E+00	+0.00	-0.00	2.71E-04	+5.00	-4.98
121.0	6.35E-01	+2.84	-2.90	6.91E-02	+6.04	-5.97	2.40E-04	+6.34	-6.24	3.20E-02	+12.22	-12.21	0.00E+00	+0.00	-0.00	2.71E-04	+4.99	-4.97
121.1	6.33E-01	+2.85	-2.92	6.90E-02	+6.04	-5.97	2.39E-04	+6.29	-6.26	3.20E-02	+12.24	-12.19	0.00E+00	+0.00	-0.00	2.70E-04	+4.95	-5.00
121.2	6.32E-01	+2.86	-2.92	6.88E-02	+6.03	-5.95	2.39E-04	+6.28	-6.23	3.19E-02	+12.17	-12.26	0.00E+00	+0.00	-0.00	2.70E-04	+4.94	-5.00
121.3	6.31E-01	+2.87	-2.94	6.87E-02	+6.05	-5.93	2.38E-04	+6.30	-6.20	3.18E-02	+12.20	-12.21	0.00E+00	+0.00	-0.00	2.69E-04	+4.95	-4.95
121.4	6.29E-01	+2.88	-2.94	6.86E-02	+6.00	-5.95	2.38E-04	+6.29	-6.21	3.18E-02	+12.21	-12.24	0.00E+00	+0.00	-0.00	2.69E-04	+4.99	-4.97
121.5	6.28E-01	+2.89	-2.95	6.84E-02	+6.01	-5.92	2.37E-04	+6.24	-6.20	3.17E-02	+12.23	-12.20	0.00E+00	+0.00	-0.00	2.68E-04	+4.93	-4.99
121.6	6.27E-01	+2.90	-2.96	6.83E-02	+6.01	-5.90	2.37E-04	+6.24	-6.20	3.16E-02	+12.22	-12.21	0.00E+00	+0.00	-0.00	2.68E-04	+4.95	-4.99
121.7	6.25E-01	+2.91	-2.97	6.81E-02	+6.00	-5.92	2.36E-04	+6.24	-6.22	3.16E-02	+12.22	-12.21	0.00E+00	+0.00	-0.00	2.67E-04	+4.93	-5.00
121.8	6.24E-01	+2.91	-2.98	6.80E-02	+5.99	-5.88	2.36E-04	+6.26	-6.14	3.15E-02	+12.25	-12.19	0.00E+00	+0.00	-0.00	2.66E-04	+4.94	-4.94
121.9	6.22E-01	+2.91	-2.99	6.79E-02	+5.99	-5.88	2.35E-04	+6.25	-6.15	3.14E-02	+12.23	-12.19	0.00E+00	+0.00	-0.00	2.66E-04	+4.93	-4.95
122.0	6.21E-01	+2.93	-2.99	6.77E-02	+5.97	-5.89	2.35E-04	+6.26	-6.16	3.13E-02	+12.23	-12.21	0.00E+00	+0.00	-0.00	2.65E-04	+4.94	-4.96
122.1	6.20E-01	+2.94	-3.01	6.76E-02	+5.96	-5.88	2.34E-04	+6.26	-6.12	3.13E-02	+12.21	-12.23	0.00E+00	+0.00	-0.00	2.65E-04	+4.94	-4.94
122.2	6.18E-01	+2.94	-3.01	6.74E-02	+5.95	-5.87	2.34E-04	+6.26	-6.10	3.12E-02	+12.23	-12.19	0.00E+00	+0.00	-0.00	2.64E-04	+4.95	-4.95
122.3	6.17E-01	+2.95	-3.03	6.73E-02	+5.96	-5.85	2.33E-04	+6.26	-6.10	3.11E-02	+12.21	-12.20	0.00E+00	+0.00	-0.00	2.63E-04	+4.93	-4.95
122.4	6.15E-01	+2.97	-3.03	6.72E-02	+5.93	-5.87	2.33E-04	+6.21	-6.11	3.11E-02	+12.19	-12.24	0.00E+00	+0.00	-0.00	2.63E-04	+4.92	-4.97
122.5	6.14E-01	+2.98	-3.03	6.70E-02	+5.93	-5.87	2.32E-04	+6.23	-6.08	3.10E-02	+12.24	-12.20	0.00E+00	+0.00	-0.00	2.62E-04	+4.93	-4.97
122.6	6.13E-01	+2.99	-3.05	6.69E-02	+5.92	-5.84	2.32E-04	+6.21	-6.07	3.09E-02	+12.23	-12.18	0.00E+00	+0.00	-0.00	2.62E-04	+4.91	-4.94
122.7	6.11E-01	+2.98	-3.06	6.67E-02	+5.93	-5.83	2.31E-04	+6.22	-6.08	3.08E-02	+12.23	-12.20	0.00E+00	+0.00	-0.00	2.61E-04	+4.89	-4.94
122.8	6.10E-01	+3.01	-3.06	6.66E-02	+5.90	-5.84	2.31E-04	+6.17	-6.08	3.08E-02	+12.19	-12.23	0.00E+00	+0.00	-0.00	2.60E-04	+4.88	-4.95
122.9	6.08E-01	+3.01	-3.08	6.64E-02	+5.91	-5.82	2.30E-04	+6.18	-6.09	3.07E-02	+12.22	-12.19	0.00E+00	+0.00	-0.00	2.60E-04	+4.93	-4.91
123.0	6.07E-01	+3.03	-3.07	6.63E-02	+5.88	-5.81	2.30E-04	+6.15	-6.09	3.06E-02	+12.20	-12.22	0.00E+00	+0.00	-0.00	2.59E-04	+4.92	-4.94
123.1	6.05E-01	+3.03	-3.09	6.61E-02	+5.90	-5.79	2.29E-04	+6.13	-6.09	3.06E-02	+12.21	-12.22	0.00E+00	+0.00	-0.00	2.58E-04	+4.89	-4.94
123.2	6.04E-01	+3.04	-3.10	6.60E-02	+5.88	-5.80	2.29E-04	+6.11	-6.10	3.05E-02	+12.21	-12.20	0.00E+00	+0.00	-0.00	2.58E-04	+4.87	-4.95
123.3	6.02E-01	+3.04	-3.12	6.58E-02	+5.88	-5.78	2.28E-04	+6.16	-6.04	3.04E-02	+12.21	-12.21	0.00E+00	+0.00	-0.00	2.57E-04	+4.92	-4.90
123.4	6.01E-01	+3.05	-3.13	6.57E-02	+5.87	-5.78	2.28E-04	+6.12	-6.04	3.03E-02	+12.23	-12.18	0.00E+00	+0.00	-0.00	2.57E-04	+4.92	-4.91
123.5	6.00E-01	+3.07	-3.13	6.55E-02	+5.85	-5.77	2.27E-04	+6.13	-6.05	3.03E-02	+12.19	-12.21	0.00E+00	+0.00	-0.00	2.56E-04	+4.87	-4.95
123.6	5.98E-01	+3.08	-3.14	6.54E-02	+5.84	-5.77	2.27E-04	+6.07	-6.05	3.02E-02	+12.22	-12.18	0.00E+00	+0.00	-0.00	2.55E-04	+4.88	-4.95
123.7	5.97E-01	+3.09	-3.14	6.52E-02	+5.84	-5.77	2.26E-04	+6.14	-5.98	3.01E-02	+12.21	-12.19	0.00E+00	+0.00	-0.00	2.55E-04	+4.88	-4.92
123.8	5.95E-01	+3.08	-3.17	6.51E-02	+5.85	-5.73	2.26E-04	+6.08	-6.00	3.00E-02	+12.24	-12.17	0.00E+00	+0.00	-0.00	2.54E-04	+4.87	-4.92
123.9	5.94E-01	+3.10	-3.17	6.49E-02	+5.84	-5.73	2.25E-04	+6.09	-6.01	3.00E-02	+12.20	-12.19	0.00E+00	+0.00	-0.00	2.53E-04	+4.90	-4.89
124.0	5.92E-01	+3.11	-3.18	6.48E-02	+5.81	-5.74	2.25E-04	+6.09	-5.98	2.99E-02	+12.22	-12.18	0.00E+00	+0.00	-0.00	2.53E-04	+4.88	-4.90
124.1	5.91E-01	+3.12	-3.18	6.46E-02	+5.79	-5.74	2.24E-04	+6.04	-6.00	2.98E-02	+12.16	-12.22	0.00E+00	+0.00	-0.00	2.52E-04	+4.81	-4.95
124.2	5.89E-01	+3.13	-3.18	6.45E-02	+5.77	-5.73	2.24E-04	+6.09	-5.96	2.97E-02	+12.21	-12.21	0.00E+00	+0.00	-0.00	2.51E-04	+4.89	-4.90
124.3	5.88E-01	+3.14	-3.21	6.43E-02	+5.78	-5.72	2.23E-04	+6.06	-5.96	2.96E-02	+12.23	-12.18	0.00E+00	+0.00	-0.00	2.51E-04	+4.83	-4.93
124.4	5.86E-01	+3.15	-3.22	6.41E-02	+5.79	-5.70	2.23E-04	+6.00	-5.96	2.96E-02	+12.19	-12.19	0.00E+00	+0.00	-0.00	2.50E-04	+4.87	-4.91
124.5	5.84E-01	+3.16	-3.23	6.40E-02	+5.78	-5.68	2.22E-04	+6.04	-5.94	2.95E-02	+12.21	-12.21	0.00E+00	+0.00	-0.00	2.50E-04	+4.82	-4.91
124.6	5.83E-01	+3.17	-3.23	6.38E-02	+5.75	-5.71	2.22E-04	+6.00	-5.98	2.94E-02	+12.19	-12.19	0.00E+00	+0.00	-0.00	2.49E-04	+4.84	-4.93
124.7	5.81E-01	+3.17	-3.24	6.37E-02	+5.74	-5.69	2.21E-04	+6.00	-5.91	2.93E-02	+12.23	-12.18	0.00E+00	+0.00	-0.00	2.48E-04	+4.89	-4.87
124.8	5.80E-01	+3.20	-3.25	6.35E-02	+5.74	-5.68	2.20E-04	+5.98	-5.98	2.93E-02	+12.23	-12.17	0.00E+00	+0.00	-0.00	2.48E-04	+4.83	-4.91
124.9	5.78E-01	+3.19	-3.26	6.33E-02	+5.73	-5.66	2.20E-04	+6.01	-5.91	2.92E-02	+12.18	-12.21	0.00E+00	+0.00	-0.00	2.47E-04	+4.87	-4.88
125.0	5.77E-01	+3.21	-3.27	6.32E-02	+5.71	-5.67	2.19E-04	+6.01	-5.86	2.91E-02	+12.17	-12.21	0.00E+00	+0.00	-0.00	2.46E-04	+4.88	-4.86
125.1	5.75E-01	+3.21	-3.28	6.30E-02	+5.71	-5.64	2.19E-04	+5.95	-5.91	2.90E-02	+12.20	-12.20	0.00E+00	+0.00	-0.00	2.46E-04	+4.83	-4.92
125.2	5.74E-01	+3.23	-3.29	6.29E-02	+5.71	-5.63	2.18E-04	+5.95	-5.86	2.89E-02	+12.21	-12.18	0.00E+00	+0.00	-0.00	2.45E-04	+4.82	-4.87
125.3	5.72E-01	+3.24	-3.30	6.27E-02	+5.70	-5.63	2.18E-04	+5.91	-5.93	2.89E-02	+12.20	-12.19	0.00E+00	+0.00	-0.00	2.44E-04	+4.86	-4.86
125.4	5.71E-01	+3.25	-3.31	6.25E-02	+5.69	-5.62	2.17E-04	+5.96	-5.87	2.88E-02	+12.20	-12.17	0.00E+00	+0.00	-0.00	2.44E-04	+4.82	-4.89
125.5	5.69E-01	+3.26	-3.32	6.24E-02	+5.70	-5.60	2.16E-04	+5.97	-5.83	2.87E-02	+12.20	-12.19	0.00E+00	+0.00	-0.00	2.43E-04	+4.82	-4.87
125.6	5.67E-01	+3.27	-3.32	6.22E-02	+5.67	-5.61	2.16E-04	+5.89	-5.90	2.86E-02	+12.22	-12.20	0.00E+00	+0.00	-0.00	2.42E-04	+4.82	-4.87
125.7	5.66E-01	+3.28	-3.34	6.21E-02	+5.64	-5.61	2.15E-04	+5.89	-5.83	2.85E-02	+12.18	-12.18	0.00E+00	+0.00	-0.00	2.41E-04	+4.83	-4.86
125.8	5.64E-01	+3.29	-3.34	6.19E-02	+5.65	-5.59	2.15E-04	+5.90	-5.84	2.85E-02	+12.21	-12.20	0.00E+00	+0.00	-0.00	2.41E-04	+4.78	-4.89
125.9	5.63E-01	+3.30	-3.35	6.17E-02	+5.65	-5.58	2.14E-04	+5.92	-5.82	2.84E-02	+12.18	-12.20	0.00E+00	+0.00	-0.00	2.40E-04	+4.81	-4.90
126.0	5.61E-01	+3.31	-3.36	6.16E-02	+5.62	-5.59	2.14E-04	+5.86	-5.85	2.83E-02	+12.19	-12.20	0.00E+00	+0.00	-0.00	2.39E-04	+4.82	-4.88
126.1	5.59E-01	+3.32	-3.38	6.14E-02	+5.63	-5.57	2.13E-04	+5.86	-5.85	2.82E-02	+12.17	-12.22	0.00E+00	+0.00	-0.00	2.39E-04	+4.83	-4.89
126.2	5.58E-01	+3.33	-3.39	6.12E-02	+5.63	-5.55	2.12E-04	+5.87	-5.79	2.81E-02	+12.16	-12.22	0.00E+00	+0.00	-0.00	2.38E-04	+4.83	-4.86
126.3	5.56E-01	+3.33	-3.40	6.10E-02	+5.59	-5.55	2.12E-04	+5.88	-5.78	2.81E-02	+12.21	-12.17	0.00E+00	+0.00	-0.00	2.37E-04	+4.82	-4.83
126.4	5.55E-01	+3.34	-3.41	6.09E-02	+5.60	-5.53	2.11E-04	+5.89	-5.78	2.80E-02	+12.20	-12.16	0.00E+00	+0.00	-0.00	2.37E-04	+4.82	-4.83
126.5	5.53E-01	+3.35	-3.42	6.07E-02	+5.59	-5.54	2.11E-04	+5.89	-5.72	2.79E-02	+12.18	-12.16	0.00E+00	+0.00	-0.00	2.36E-04	+4.83	-4.84
126.6	5.51E-01	+3.37	-3.42	6.05E-02	+5.58	-5.53	2.10E-04	+5.85	-5.73	2.78E-02	+12.18	-12.19	0.00E+00	+0.00	-0.00	2.35E-04	+4.83	-4.83
126.7	5.50E-01	+3.38	-3.44	6.04E-02	+5.57	-5.52	2.10E-04	+5.78	-5.79	2.77E-02	+12.17	-12.20	0.00E+00	+0.00	-0.00	2.35E-04	+4.84	-4.83
126.8	5.48E-01	+3.38	-3.45	6.02E-02	+5.56	-5.51	2.09E-04	+5.77	-5.75	2.76E-02	+12.22	-12.17	0.00E+00	+0.00	-0.00	2.34E-04	+4.83	-4.83
126.9	5.46E-01	+3.40	-3.45	6.00E-02	+5.53	-5.52	2.08E-04	+5.76	-5.77	2.76E-02	+12.17	-12.20	0.00E+00	+0.00	-0.00	2.33E-04	+4.79	-4.82
127.0	5.45E-01	+3.40	-3.47	5.98E-02	+5.57	-5.48	2.08E-04	+5.77	-5.74	2.75E-02	+12.18	-12.19	0.00E+00	+0.00	-0.00	2.32E-04	+4.81	-4.79
127.1	5.43E-01	+3.41	-3.47	5.97E-02	+5.54	-5.49	2.07E-04	+5.76	-5.75	2.74E-02	+12.19	-12.17	0.00E+00	+0.00	-0.00	2.32E-04	+4.80	-4.81
127.2	5.41E-01	+3.42	-3.49	5.95E-02	+5.54	-5.48	2.07E-04	+5.74	-5.70	2.73E-02	+12.20	-12.18	0.00E+00	+0.00	-0.00	2.31E-04	+4.79	-4.80
127.3	5.40E-01	+3.43	-3.50	5.93E-02	+5.50	-5.48	2.06E-04	+5.72	-5.72	2.72E-02	+12.15	-12.19	0.00E+00	+0.00	-0.00	2.30E-04	+4.78	-4.82
127.4	5.38E-01	+3.44	-3.51	5.92E-02	+5.52	-5.45	2.05E-04	+5.74	-5.71	2.71E-02	+12.20	-12.14	0.00E+00	+0.00	-0.00	2.30E-04	+4.81	-4.82
127.5	5.36E-01	+3.45	-3.53	5.90E-02	+5.50	-5.46	2.05E-04	+5.71	-5.72	2.71E-02	+12.16	-12.21	0.00E+00	+0.00	-0.00	2.29E-04	+4.79	-4.83
127.6	5.35E-01	+3.46	-3.54	5.88E-02	+5.49	-5.45	2.04E-04	+5.66	-5.73	2.70E-02	+12.20	-12.18	0.00E+00	+0.00	-0.00	2.28E-04	+4.74	-4.82
127.7	5.33E-01	+3.49	-3.53	5.86E-02	+5.48	-5.45	2.03E-04	+5.74	-5.65	2.69E-02	+12.16	-12.20	0.00E+00	+0.00	-0.00	2.28E-04	+4.73	-4.82
127.8	5.31E-01	+3.47	-3.56	5.85E-02	+5.47	-5.42	2.03E-04	+5.75	-5.65	2.68E-02	+12.22	-12.17	0.00E+00	+0.00	-0.00	2.27E-04	+4.74	-4.83
127.9	5.30E-01	+3.49	-3.57	5.83E-02	+5.45	-5.42	2.02E-04	+5.68	-5.61	2.67E-02	+12.20	-12.19	0.00E+00	+0.00	-0.00	2.26E-04	+4.81	-4.80
128.0	5.28E-01	+3.51	-3.57	5.81E-02	+5.45	-5.40	2.02E-04	+5.68	-5.62	2.66E-02	+12.22	-12.15	0.00E+00	+0.00	-0.00	2.25E-04	+4.74	-4.81
128.1	5.26E-01	+3.52	-3.58	5.79E-02	+5.44	-5.39	2.01E-04	+5.68	-5.62	2.66E-02	+12.14	-12.18	0.00E+00	+0.00	-0.00	2.25E-04	+4.75	-4.82
128.2	5.25E-01	+3.54	-3.58	5.77E-02	+5.43	-5.38	2.00E-04	+5.63	-5.64	2.65E-02	+12.18	-12.16	0.00E+00	+0.00	-0.00	2.24E-04	+4.73	-4.84
128.3	5.23E-01	+3.55	-3.59	5.76E-02	+5.41	-5.39	2.00E-04	+5.61	-5.64	2.64E-02	+12.13	-12.19	0.00E+00	+0.00	-0.00	2.23E-04	+4.70	-4.85
128.4	5.21E-01	+3.55	-3.61	5.74E-02	+5.39	-5.38	1.99E-04	+5.69	-5.57	2.63E-02	+12.16	-12.15	0.00E+00	+0.00	-0.00	2.22E-04	+4.74	-4.79
128.5	5.20E-01	+3.56	-3.62	5.72E-02	+5.39	-5.37	1.99E-04	+5.64	-5.57	2.62E-02	+12.12	-12.20	0.00E+00	+0.00	-0.00	2.22E-04	+4.75	-4.80
128.6	5.18E-01	+3.58	-3.62	5.70E-02	+5.38	-5.35	1.98E-04	+5.62	-5.57	2.61E-02	+12.17	-12.17	0.00E+00	+0.00	-0.00	2.21E-04	+4.70	-4.84
128.7	5.16E-01	+3.59	-3.63	5.69E-02	+5.39	-5.34	1.97E-04	+5.59	-5.57	2.60E-02	+12.19	-12.13	0.00E+00	+0.00	-0.00	2.20E-04	+4.77	-4.78
128.8	5.14E-01	+3.59	-3.65	5.67E-02	+5.37	-5.34	1.97E-04	+5.64	-5.51	2.60E-02	+12.15	-12.18	0.00E+00	+0.00	-0.00	2.20E-04	+4.71	-4.79
128.9	5.13E-01	+3.60	-3.67	5.65E-02	+5.36	-5.32	1.96E-04	+5.60	-5.50	2.59E-02	+12.18	-12.16	0.00E+00	+0.00	-0.00	2.19E-04	+4.72	-4.79
129.0	5.11E-01	+3.61	-3.68	5.63E-02	+5.36	-5.31	1.95E-04	+5.61	-5.54	2.58E-02	+12.19	-12.14	0.00E+00	+0.00	-0.00	2.18E-04	+4.78	-4.73
129.1	5.09E-01	+3.62	-3.69	5.61E-02	+5.35	-5.29	1.95E-04	+5.54	-5.54	2.57E-02	+12.16	-12.17	0.00E+00	+0.00	-0.00	2.17E-04	+4.72	-4.80
129.2	5.08E-01	+3.63	-3.69	5.60E-02	+5.33	-5.29	1.94E-04	+5.59	-5.52	2.56E-02	+12.16	-12.16	0.00E+00	+0.00	-0.00	2.17E-04	+4.70	-4.83
129.3	5.06E-01	+3.64	-3.71	5.58E-02	+5.33	-5.30	1.94E-04	+5.54	-5.53	2.55E-02	+12.19	-12.16	0.00E+00	+0.00	-0.00	2.16E-04	+4.72	-4.77
129.4	5.04E-01	+3.65	-3.72	5.56E-02	+5.32	-5.26	1.93E-04	+5.55	-5.51	2.54E-02	+12.17	-12.19	0.00E+00	+0.00	-0.00	2.15E-04	+4.72	-4.75
129.5	5.02E-01	+3.66	-3.73	5.54E-02	+5.31	-5.27	1.92E-04	+5.55	-5.44	2.53E-02	+12.16	-12.16	0.00E+00	+0.00	-0.00	2.14E-04	+4.68	-4.81
129.6	5.01E-01	+3.68	-3.73	5.52E-02	+5.30	-5.27	1.92E-04	+5.53	-5.47	2.53E-02	+12.15	-12.15	0.00E+00	+0.00	-0.00	2.14E-04	+4.71	-4.77
129.7	4.99E-01	+3.67	-3.76	5.50E-02	+5.30	-5.24	1.91E-04	+5.47	-5.48	2.52E-02	+12.19	-12.16	0.00E+00	+0.00	-0.00	2.13E-04	+4.69	-4.79
129.8	4.97E-01	+3.70	-3.75	5.49E-02	+5.26	-5.26	1.90E-04	+5.50	-5.47	2.51E-02	+12.17	-12.14	0.00E+00	+0.00	-0.00	2.12E-04	+4.73	-4.78
129.9	4.95E-01	+3.70	-3.77	5.47E-02	+5.29	-5.22	1.90E-04	+5.49	-5.45	2.50E-02	+12.16	-12.15	0.00E+00	+0.00	-0.00	2.11E-04	+4.69	-4.78
130.0	4.94E-01	+3.71	-3.78	5.45E-02	+5.26	-5.22	1.89E-04	+5.53	-5.41	2.49E-02	+12.19	-12.14	0.00E+00	+0.00	-0.00	2.11E-04	+4.74	-4.71
130.5	4.85E-01	+3.77	-3.84	5.36E-02	+5.21	-5.17	1.86E-04	+5.46	-5.35	2.45E-02	+12.14	-12.18	0.00E+00	+0.00	-0.00	2.07E-04	+4.71	-4.74
131.0	4.76E-01	+3.82	-3.88	5.26E-02	+5.19	-5.11	1.83E-04	+5.33	-5.37	2.40E-02	+12.19	-12.13	0.00E+00	+0.00	-0.00	2.03E-04	+4.69	-4.71
131.5	4.67E-01	+3.88	-3.93	5.17E-02	+5.12	-5.08	1.79E-04	+5.33	-5.31	2.36E-02	+12.18	-12.12	0.00E+00	+0.00	-0.00	1.99E-04	+4.69	-4.68
132.0	4.58E-01	+3.93	-3.99	5.07E-02	+5.06	-5.04	1.76E-04	+5.27	-5.25	2.31E-02	+12.15	-12.11	0.00E+00	+0.00	-0.00	1.96E-04	+4.68	-4.71
132.5	4.49E-01	+4.00	-4.03	4.98E-02	+5.01	-4.97	1.73E-04	+5.15	-5.22	2.27E-02	+12.15	-12.11	0.00E+00	+0.00	-0.00	1.92E-04	+4.61	-4.69
133.0	4.40E-01	+4.03	-4.09	4.88E-02	+4.95	-4.96	1.69E-04	+5.20	-5.12	2.22E-02	+12.07	-12.15	0.00E+00	+0.00	-0.00	1.88E-04	+4.55	-4.72
133.5	4.31E-01	+4.10	-4.14	4.78E-02	+4.90	-4.89	1.66E-04	+5.09	-5.09	2.18E-02	+12.15	-12.11	0.00E+00	+0.00	-0.00	1.84E-04	+4.60	-4.69
134.0	4.22E-01	+4.16	-4.20	4.69E-02	+4.86	-4.85	1.63E-04	+5.07	-4.96	2.13E-02	+12.12	-12.14	0.00E+00	+0.00	-0.00	1.80E-04	+4.59	-4.71
134.5	4.13E-01	+4.20	-4.26	4.59E-02	+4.80	-4.79	1.59E-04	+4.94	-5.01	2.08E-02	+12.14	-12.14	0.00E+00	+0.00	-0.00	1.76E-04	+4.60	-4.64
135.0	4.04E-01	+4.25	-4.32	4.49E-02	+4.75	-4.75	1.56E-04	+4.96	-4.94	2.04E-02	+12.16	-12.09	0.00E+00	+0.00	-0.00	1.73E-04	+4.51	-4.67
135.5	3.95E-01	+4.32	-4.35	4.39E-02	+4.71	-4.66	1.52E-04	+4.87	-4.86	1.99E-02	+12.12	-12.15	0.00E+00	+0.00	-0.00	1.69E-04	+4.56	-4.65
136.0	3.86E-01	+4.36	-4.42	4.30E-02	+4.65	-4.64	1.49E-04	+4.89	-4.79	1.95E-02	+12.15	-12.12	0.00E+00	+0.00	-0.00	1.65E-04	+4.58	-4.61
136.5	3.77E-01	+4.42	-4.47	4.20E-02	+4.59	-4.60	1.46E-04	+4.75	-4.81	1.90E-02	+12.11	-12.11	0.00E+00	+0.00	-0.00	1.61E-04	+4.56	-4.61
137.0	3.68E-01	+4.49	-4.51	4.10E-02	+4.54	-4.55	1.42E-04	+4.67	-4.76	1.86E-02	+12.08	-12.11	0.00E+00	+0.00	-0.00	1.57E-04	+4.54	-4.64
137.5	3.59E-01	+4.53	-4.59	4.00E-02	+4.50	-4.51	1.39E-04	+4.70	-4.66	1.81E-02	+12.17	-12.06	0.00E+00	+0.00	-0.00	1.53E-04	+4.52	-4.61
138.0	3.50E-01	+4.56	-4.64	3.91E-02	+4.45	-4.44	1.36E-04	+4.59	-4.64	1.77E-02	+12.13	-12.04	0.00E+00	+0.00	-0.00	1.49E-04	+4.48	-4.63
138.5	3.41E-01	+4.64	-4.68	3.81E-02	+4.44	-4.38	1.32E-04	+4.55	-4.53	1.72E-02	+12.08	-12.11	0.00E+00	+0.00	-0.00	1.46E-04	+4.46	-4.60
139.0	3.32E-01	+4.65	-4.74	3.71E-02	+4.37	-4.37	1.29E-04	+4.45	-4.58	1.68E-02	+12.09	-12.08	0.00E+00	+0.00	-0.00	1.42E-04	+4.46	-4.56
139.5	3.24E-01	+4.74	-4.77	3.62E-02	+4.30	-4.31	1.26E-04	+4.39	-4.48	1.63E-02	+12.08	-12.09	0.00E+00	+0.00	-0.00	1.38E-04	+4.41	-4.64
140.0	3.15E-01	+4.80	-4.83	3.52E-02	+4.26	-4.26	1.22E-04	+4.37	-4.48	1.59E-02	+12.09	-12.09	0.00E+00	+0.00	-0.00	1.34E-04	+4.49	-4.55
140.5	3.06E-01	+4.83	-4.91	3.43E-02	+4.22	-4.19	1.19E-04	+4.31	-4.36	1.54E-02	+12.14	-12.04	0.00E+00	+0.00	-0.00	1.31E-04	+4.49	-4.52
141.0	2.97E-01	+4.88	-4.94	3.33E-02	+4.19	-4.14	1.16E-04	+4.32	-4.31	1.50E-02	+12.09	-12.10	0.00E+00	+0.00	-0.00	1.27E-04	+4.44	-4.60
141.5	2.89E-01	+4.94	-5.01	3.24E-02	+4.13	-4.11	1.12E-04	+4.22	-4.20	1.46E-02	+12.10	-12.04	0.00E+00	+0.00	-0.00	1.23E-04	+4.52	-4.47
142.0	2.80E-01	+4.99	-5.02	3.15E-02	+4.09	-4.07	1.09E-04	+4.14	-4.22	1.41E-02	+12.15	-12.05	0.00E+00	+0.00	-0.00	1.20E-04	+4.50	-4.49
142.5	2.72E-01	+5.06	-5.06	3.05E-02	+4.05	-4.01	1.06E-04	+4.10	-4.16	1.37E-02	+12.08	-12.05	0.00E+00	+0.00	-0.00	1.16E-04	+4.38	-4.57
143.0	2.64E-01	+5.05	-5.13	2.96E-02	+4.01	-3.97	1.03E-04	+4.18	-4.05	1.33E-02	+12.14	-12.04	0.00E+00	+0.00	-0.00	1.12E-04	+4.47	-4.47
143.5	2.56E-01	+5.10	-5.17	2.87E-02	+3.95	-3.94	9.97E-05	+4.08	-4.07	1.29E-02	+12.09	-12.09	0.00E+00	+0.00	-0.00	1.09E-04	+4.47	-4.44
144.0	2.47E-01	+5.16	-5.20	2.78E-02	+3.91	-3.93	9.65E-05	+4.01	-4.02	1.25E-02	+12.14	-12.02	0.00E+00	+0.00	-0.00	1.06E-04	+4.33	-4.53
144.5	2.39E-01	+5.21	-5.26	2.69E-02	+3.83	-3.85	9.35E-05	+3.91	-3.98	1.21E-02	+12.05	-12.09	0.00E+00	+0.00	-0.00	1.02E-04	+4.43	-4.45
145.0	2.31E-01	+5.30	-5.27	2.61E-02	+3.80	-3.81	9.04E-05	+3.92	-3.88	1.17E-02	+11.99	-12.12	0.00E+00	+0.00	-0.00	9.87E-05	+4.44	-4.49
145.5	2.24E-01	+5.28	-5.39	2.52E-02	+3.74	-3.80	8.74E-05	+3.84	-3.88	1.13E-02	+12.01	-12.04	0.00E+00	+0.00	-0.00	9.54E-05	+4.39	-4.48
146.0	2.16E-01	+5.36	-5.36	2.43E-02	+3.75	-3.72	8.44E-05	+3.82	-3.85	1.09E-02	+12.08	-12.03	0.00E+00	+0.00	-0.00	9.21E-05	+4.39	-4.49
146.5	2.08E-01	+5.41	-5.42	2.35E-02	+3.74	-3.62	8.15E-05	+3.78	-3.74	1.05E-02	+12.15	-11.96	0.00E+00	+0.00	-0.00	8.88E-05	+4.40	-4.46
147.0	2.00E-01	+5.50	-5.42	2.26E-02	+3.62	-3.65	7.85E-05	+3.74	-3.70	1.01E-02	+12.18	-11.97	0.00E+00	+0.00	-0.00	8.55E-05	+4.38	-4.46
147.5	1.93E-01	+5.50	-5.55	2.18E-02	+3.55	-3.56	7.57E-05	+3.65	-3.66	9.73E-03	+12.11	-12.01	0.00E+00	+0.00	-0.00	8.23E-05	+4.37	-4.45
148.0	1.86E-01	+5.57	-5.51	2.10E-02	+3.57	-3.51	7.28E-05	+3.66	-3.61	9.36E-03	+12.07	-12.01	0.00E+00	+0.00	-0.00	7.92E-05	+4.37	-4.46
148.5	1.78E-01	+5.52	-5.61	2.02E-02	+3.51	-3.50	7.00E-05	+3.56	-3.62	8.99E-03	+12.06	-12.02	0.00E+00	+0.00	-0.00	7.61E-05	+4.36	-4.46
149.0	1.71E-01	+5.62	-5.67	1.94E-02	+3.39	-3.55	6.72E-05	+3.51	-3.57	8.63E-03	+12.01	-12.05	0.00E+00	+0.00	-0.00	7.30E-05	+4.35	-4.50
149.5	1.64E-01	+5.68	-5.66	1.86E-02	+3.45	-3.41	6.45E-05	+3.54	-3.47	8.27E-03	+12.10	-11.97	0.00E+00	+0.00	-0.00	7.00E-05	+4.43	-4.43
150.0	1.57E-01	+5.69	-5.73	1.78E-02	+3.37	-3.43	6.18E-05	+3.45	-3.49	7.92E-03	+12.04	-12.01	0.00E+00	+0.00	-0.00	6.70E-05	+4.36	-4.44
152.0	1.30E-01	+5.83	-5.90	1.48E-02	+3.25	-3.30	5.13E-05	+3.34	-3.27	6.56E-03	+12.05	-11.98	0.00E+00	+0.00	-0.00	5.55E-05	+4.35	-4.42
154.0	1.05E-01	+5.96	-6.01	1.19E-02	+3.07	-3.11	4.13E-05	+3.11	-3.19	5.27E-03	+12.00	-12.01	0.00E+00	+0.00	-0.00	4.46E-05	+4.34	-4.43
156.0	8.01E-02	+6.11	-6.15	9.15E-03	+2.96	-2.99	3.17E-05	+2.99	-3.04	4.04E-03	+11.96	-11.98	0.00E+00	+0.00	-0.00	3.42E-05	+4.26	-4.40
158.0	5.66E-02	+6.28	-6.26	6.47E-03	+2.85	-2.83	2.24E-05	+2.86	-2.86	2.85E-03	+12.03	-11.94	0.00E+00	+0.00	-0.00	2.41E-05	+4.30	-4.39
160.0	3.45E-02	+6.40	-6.37	3.96E-03	+2.71	-2.75	1.37E-05	+2.79	-2.71	1.74E-03	+12.00	-11.90	0.00E+00	+0.00	-0.00	1.47E-05	+4.29	-4.37
162.0	1.97E-02	+6.51	-6.42	2.27E-03	+2.75	-2.61	7.87E-06	+2.72	-2.66	9.95E-04	+12.01	-11.86	0.00E+00	+0.00	-0.00	8.42E-06	+4.30	-4.29
164.0	1.36E-02	+6.52	-6.43	1.57E-03	+2.60	-2.69	5.43E-06	+2.67	-2.64	6.85E-04	+11.99	-11.87	0.00E+00	+0.00	-0.00	5.80E-06	+4.28	-4.30
165.0	1.19E-02	+6.54	-6.45	1.38E-03	+2.72	-2.60	4.78E-06	+2.65	-2.64	6.02E-04	+12.00	-11.85	0.00E+00	+0.00	-0.00	5.09E-06	+4.28	-4.31
166.0	1.07E-02	+6.57	-6.46	1.24E-03	+2.72	-2.61	4.30E-06	+2.63	-2.66	5.41E-04	+11.97	-11.89	0.00E+00	+0.00	-0.00	4.58E-06	+4.24	-4.34
168.0	9.06E-03	+6.50	-6.50	1.05E-03	+2.60	-2.62	3.63E-06	+2.62	-2.65	4.56E-04	+11.95	-11.89	0.00E+00	+0.00	-0.00	3.86E-06	+4.23	-4.36
170.0	7.93E-03	+6.52	-6.50	9.20E-04	+2.62	-2.64	3.19E-06	+2.65	-2.63	4.00E-04	+11.96	-11.90	0.00E+00	+0.00	-0.00	3.38E-06	+4.26	-4.34
172.0	7.10E-03	+6.52	-6.52	8.25E-04	+2.62	-2.61	2.86E-06	+2.62	-2.62	3.58E-04	+11.98	-11.90	0.00E+00	+0.00	-0.00	3.03E-06	+4.24	-4.36
174.0	6.45E-03	+6.54	-6.51	7.51E-04	+2.62	-2.62	2.60E-06	+2.63	-2.65	3.25E-04	+11.98	-11.90	0.00E+00	+0.00	-0.00	2.75E-06	+4.26	-4.35
175.0	6.17E-03	+6.56	-6.51	7.19E-04	+2.62	-2.63	2.49E-06	+2.64	-2.64	3.11E-04	+12.00	-11.91	0.00E+00	+0.00	-0.00	2.63E-06	+4.30	-4.32
176.0	5.91E-03	+6.54	-6.53	6.89E-04	+2.64	-2.61	2.39E-06	+2.60	-2.65	2.98E-04	+11.97	-11.92	0.00E+00	+0.00	-0.00	2.52E-06	+4.31	-4.33
178.0	5.44E-03	+6.55	-6.51	6.36E-04	+2.62	-2.63	2.21E-06	+2.61	-2.66	2.74E-04	+11.97	-11.91	0.00E+00	+0.00	-0.00	2.32E-06	+4.29	-4.34
180.0	5.01E-03	+6.56	-6.52	5.87E-04	+2.63	-2.61	2.03E-06	+2.69	-2.60	2.52E-04	+11.99	-11.90	0.00E+00	+0.00	-0.00	2.13E-06	+4.32	-4.34
182.0	4.55E-03	+6.58	-6.54	5.34E-04	+2.64	-2.60	1.85E-06	+2.58	-2.64	2.29E-04	+12.03	-11.90	0.00E+00	+0.00	-0.00	1.94E-06	+4.28	-4.37
184.0	4.08E-03	+6.58	-6.53	4.80E-04	+2.64	-2.59	1.67E-06	+2.59	-2.63	2.06E-04	+11.99	-11.95	0.00E+00	+0.00	-0.00	1.74E-06	+4.30	-4.34
185.0	3.88E-03	+6.59	-6.52	4.57E-04	+2.63	-2.60	1.59E-06	+2.58	-2.64	1.95E-04	+12.00	-11.89	0.00E+00	+0.00	-0.00	1.65E-06	+4.31	-4.36
186.0	3.70E-03	+6.57	-6.53	4.37E-04	+2.61	-2.63	1.51E-06	+2.58	-2.66	1.86E-04	+12.04	-11.89	0.00E+00	+0.00	-0.00	1.58E-06	+4.31	-4.35
188.0	3.41E-03	+6.56	-6.55	4.03E-04	+2.59	-2.62	1.40E-06	+2.59	-2.66	1.72E-04	+11.97	-11.91	0.00E+00	+0.00	-0.00	1.45E-06	+4.27	-4.35
190.0	3.17E-03	+6.56	-6.55	3.75E-04	+2.65	-2.55	1.30E-06	+2.63	-2.53	1.60E-04	+12.02	-11.85	0.00E+00	+0.00	-0.00	1.35E-06	+4.26	-4.40
192.0	2.97E-03	+6.59	-6.54	3.53E-04	+2.58	-2.63	1.22E-06	+2.54	-2.63	1.50E-04	+11.94	-11.95	0.00E+00	+0.00	-0.00	1.27E-06	+4.36	-4.35
194.0	2.80E-03	+6.59	-6.56	3.33E-04	+2.64	-2.60	1.15E-06	+2.63	-2.55	1.41E-04	+11.96	-11.97	0.00E+00	+0.00	-0.00	1.19E-06	+4.34	-4.33
195.0	2.73E-03	+6.58	-6.54	3.24E-04	+2.64	-2.63	1.13E-06	+2.64	-2.63	1.37E-04	+12.02	-11.93	0.00E+00	+0.00	-0.00	1.16E-06	+4.27	-4.44
196.0	2.65E-03	+6.61	-6.52	3.16E-04	+2.56	-2.64	1.10E-06	+2.56	-2.63	1.34E-04	+12.08	-11.88	0.00E+00	+0.00	-0.00	1.13E-06	+4.29	-4.38
198.0	2.52E-03	+6.60	-6.53	3.01E-04	+2.57	-2.64	1.04E-06	+2.57	-2.64	1.27E-04	+12.08	-11.92	0.00E+00	+0.00	-0.00	1.07E-06	+4.30	-4.39
200.0	2.40E-03	+6.60	-6.56	2.87E-04	+2.55	-2.64	9.95E-07	+2.57	-2.64	1.21E-04	+11.97	-11.98	0.00E+00	+0.00	-0.00	1.02E-06	+4.29	-4.43
202.0	2.29E-03	+6.64	-6.54	2.75E-04	+2.59	-2.61	9.52E-07	+2.58	-2.63	1.15E-04	+12.12	-11.89	0.00E+00	+0.00	-0.00	9.77E-07	+4.38	-4.40
204.0	2.19E-03	+6.64	-6.53	2.63E-04	+2.66	-2.55	9.12E-07	+2.63	-2.58	1.10E-04	+12.05	-11.92	0.00E+00	+0.00	-0.00	9.34E-07	+4.35	-4.39
206.0	2.10E-03	+6.65	-6.54	2.53E-04	+2.62	-2.62	8.76E-07	+2.59	-2.63	1.06E-04	+11.99	-11.98	0.00E+00	+0.00	-0.00	8.95E-07	+4.35	-4.40
208.0	2.02E-03	+6.61	-6.56	2.43E-04	+2.67	-2.57	8.42E-07	+2.64	-2.58	1.02E-04	+11.97	-11.98	0.00E+00	+0.00	-0.00	8.59E-07	+4.34	-4.41
210.0	1.94E-03	+6.60	-6.59	2.34E-04	+2.63	-2.57	8.11E-07	+2.64	-2.57	9.75E-05	+12.04	-11.93	0.00E+00	+0.00	-0.00	8.26E-07	+4.35	-4.40
212.0	1.86E-03	+6.57	-6.60	2.25E-04	+2.58	-2.64	7.82E-07	+2.58	-2.63	9.38E-05	+12.02	-11.95	0.00E+00	+0.00	-0.00	7.94E-07	+4.36	-4.42
214.0	1.80E-03	+6.65	-6.56	2.18E-04	+2.59	-2.65	7.54E-07	+2.59	-2.64	9.04E-05	+12.04	-11.95	0.00E+00	+0.00	-0.00	7.65E-07	+4.36	-4.41
216.0	1.73E-03	+6.60	-6.58	2.10E-04	+2.59	-2.63	7.28E-07	+2.59	-2.64	8.71E-05	+12.04	-11.95	0.00E+00	+0.00	-0.00	7.37E-07	+4.37	-4.41
218.0	1.67E-03	+6.67	-6.57	2.03E-04	+2.60	-2.59	7.04E-07	+2.58	-2.59	8.40E-05	+12.04	-11.96	0.00E+00	+0.00	-0.00	7.12E-07	+4.37	-4.43
220.0	1.61E-03	+6.72	-6.54	1.96E-04	+2.65	-2.60	6.81E-07	+2.64	-2.58	8.11E-05	+12.06	-11.95	0.00E+00	+0.00	-0.00	6.87E-07	+4.37	-4.42
222.0	1.56E-03	+6.60	-6.63	1.90E-04	+2.61	-2.55	6.59E-07	+2.59	-2.59	7.84E-05	+12.07	-11.94	0.00E+00	+0.00	-0.00	6.64E-07	+4.38	-4.42
224.0	1.51E-03	+6.60	-6.59	1.84E-04	+2.61	-2.61	6.38E-07	+2.60	-2.59	7.58E-05	+12.06	-11.95	0.00E+00	+0.00	-0.00	6.42E-07	+4.37	-4.43
226.0	1.46E-03	+6.69	-6.54	1.78E-04	+2.62	-2.61	6.18E-07	+2.60	-2.60	7.33E-05	+12.07	-11.95	0.00E+00	+0.00	-0.00	6.21E-07	+4.38	-4.42
228.0	1.41E-03	+6.63	-6.61	1.73E-04	+2.64	-2.56	6.00E-07	+2.61	-2.58	7.10E-05	+12.07	-11.96	0.00E+00	+0.00	-0.00	6.01E-07	+4.39	-4.44
230.0	1.37E-03	+6.71	-6.55	1.68E-04	+2.57	-2.62	5.82E-07	+2.59	-2.61	6.88E-05	+12.07	-11.97	0.00E+00	+0.00	-0.00	5.82E-07	+4.40	-4.43
232.0	1.33E-03	+6.63	-6.57	1.63E-04	+2.63	-2.56	5.65E-07	+2.60	-2.59	6.67E-05	+12.08	-11.97	0.00E+00	+0.00	-0.00	5.65E-07	+4.40	-4.45
234.0	1.29E-03	+6.59	-6.63	1.58E-04	+2.64	-2.57	5.49E-07	+2.60	-2.60	6.47E-05	+12.07	-11.97	0.00E+00	+0.00	-0.00	5.48E-07	+4.39	-4.44
236.0	1.25E-03	+6.67	-6.60	1.54E-04	+2.64	-2.57	5.33E-07	+2.59	-2.61	6.27E-05	+12.08	-11.97	0.00E+00	+0.00	-0.00	5.31E-07	+4.40	-4.45
238.0	1.21E-03	+6.73	-6.57	1.50E-04	+2.64	-2.61	5.19E-07	+2.61	-2.61	6.09E-05	+12.08	-11.98	0.00E+00	+0.00	-0.00	5.16E-07	+4.40	-4.46
240.0	1.18E-03	+6.67	-6.55	1.45E-04	+2.65	-2.58	5.04E-07	+2.59	-2.61	5.91E-05	+12.09	-11.97	0.00E+00	+0.00	-0.00	5.01E-07	+4.40	-4.45
242.0	1.14E-03	+6.62	-6.67	1.42E-04	+2.58	-2.58	4.91E-07	+2.62	-2.59	5.74E-05	+12.09	-11.98	0.00E+00	+0.00	-0.00	4.87E-07	+4.41	-4.47
244.0	1.11E-03	+6.61	-6.68	1.38E-04	+2.59	-2.61	4.78E-07	+2.62	-2.62	5.58E-05	+12.09	-11.98	0.00E+00	+0.00	-0.00	4.73E-07	+4.40	-4.46
246.0	1.08E-03	+6.65	-6.65	1.34E-04	+2.59	-2.58	4.65E-07	+2.60	-2.62	5.43E-05	+12.09	-11.98	0.00E+00	+0.00	-0.00	4.60E-07	+4.42	-4.46
248.0	1.05E-03	+6.70	-6.56	1.31E-04	+2.59	-2.59	4.53E-07	+2.60	-2.60	5.28E-05	+12.09	-11.98	0.00E+00	+0.00	-0.00	4.47E-07	+4.42	-4.46
250.0	1.02E-03	+6.68	-6.64	1.27E-04	+2.59	-2.69	4.42E-07	+2.61	-2.60	5.14E-05	+12.08	-12.00	0.00E+00	+0.00	-0.00	4.35E-07	+4.44	-4.46
252.0	9.95E-04	+6.71	-6.61	1.24E-04	+2.60	-2.59	4.30E-07	+2.61	-2.58	5.00E-05	+12.07	-12.02	0.00E+00	+0.00	-0.00	4.24E-07	+4.43	-4.47
254.0	9.68E-04	+6.66	-6.62	1.21E-04	+2.68	-2.59	4.20E-07	+2.61	-2.58	4.87E-05	+12.09	-12.00	0.00E+00	+0.00	-0.00	4.13E-07	+4.44	-4.48
256.0	9.43E-04	+6.67	-6.65	1.18E-04	+2.58	-2.60	4.10E-07	+2.59	-2.61	4.74E-05	+12.11	-12.00	0.00E+00	+0.00	-0.00	4.02E-07	+4.42	-4.51
258.0	9.19E-04	+6.68	-6.62	1.15E-04	+2.61	-2.60	4.00E-07	+2.59	-2.62	4.62E-05	+12.11	-11.99	2.46E-09	+3226.45	-106.96	3.92E-07	+4.42	-4.49
260.0	8.96E-04	+6.67	-6.62	1.12E-04	+2.61	-2.60	3.90E-07	+2.60	-2.59	4.51E-05	+12.12	-12.00	5.15E-08	+406.54	-105.37	3.82E-07	+4.41	-4.49
262.0	8.74E-04	+6.67	-6.62	1.10E-04	+2.61	-2.60	3.81E-07	+2.60	-2.59	4.39E-05	+12.10	-12.01	1.89E-07	+208.61	-89.58	3.72E-07	+4.43	-4.48
264.0	8.52E-04	+6.69	-6.63	1.07E-04	+2.61	-2.61	3.72E-07	+2.60	-2.59	4.28E-05	+12.13	-11.99	4.49E-07	+142.25	-75.33	3.63E-07	+4.45	-4.48
266.0	8.31E-04	+6.68	-6.63	1.05E-04	+2.52	-2.61	3.63E-07	+2.63	-2.60	4.18E-05	+12.11	-12.02	8.64E-07	+109.22	-65.27	3.54E-07	+4.44	-4.49
268.0	8.11E-04	+6.69	-6.63	1.02E-04	+2.62	-2.61	3.55E-07	+2.61	-2.60	4.08E-05	+12.13	-12.00	1.47E-06	+89.69	-57.91	3.46E-07	+4.45	-4.50
270.0	7.92E-04	+6.69	-6.62	1.00E-04	+2.61	-2.59	3.47E-07	+2.61	-2.60	3.98E-05	+12.13	-12.00	2.29E-06	+76.58	-52.32	3.37E-07	+4.42	-4.51
272.0	7.73E-04	+6.69	-6.64	9.79E-05	+2.60	-2.60	3.39E-07	+2.61	-2.60	3.89E-05	+12.08	-12.03	3.37E-06	+67.38	-47.96	3.29E-07	+4.46	-4.49
274.0	7.56E-04	+6.70	-6.64	9.58E-05	+2.60	-2.59	3.32E-07	+2.58	-2.61	3.80E-05	+12.15	-12.01	4.73E-06	+60.52	-44.42	3.22E-07	+4.46	-4.52
276.0	7.38E-04	+6.69	-6.64	9.37E-05	+2.61	-2.60	3.25E-07	+2.58	-2.61	3.71E-05	+12.12	-12.00	6.41E-06	+55.23	-41.55	3.14E-07	+4.46	-4.52
278.0	7.21E-04	+6.70	-6.64	9.17E-05	+2.61	-2.59	3.18E-07	+2.61	-2.58	3.63E-05	+12.11	-12.03	8.45E-06	+51.06	-39.16	3.07E-07	+4.45	-4.51
280.0	7.05E-04	+6.68	-6.65	8.97E-05	+2.61	-2.59	3.11E-07	+2.58	-2.61	3.55E-05	+12.14	-12.01	1.09E-05	+47.66	-37.15	3.00E-07	+4.44	-4.50
282.0	6.90E-04	+6.71	-6.64	8.79E-05	+2.60	-2.59	3.05E-07	+2.59	-2.61	3.47E-05	+12.11	-12.03	1.38E-05	+44.89	-35.46	2.94E-07	+4.46	-4.49
284.0	6.74E-04	+6.70	-6.64	8.60E-05	+2.60	-2.59	2.98E-07	+2.59	-2.61	3.39E-05	+12.13	-12.04	1.71E-05	+42.69	-33.96	2.87E-07	+4.45	-4.51
286.0	6.60E-04	+6.70	-6.65	8.43E-05	+2.60	-2.58	2.92E-07	+2.59	-2.62	3.32E-05	+12.13	-12.02	2.10E-05	+40.76	-32.70	2.81E-07	+4.50	-4.50
288.0	6.46E-04	+6.69	-6.66	8.26E-05	+2.59	-2.60	2.86E-07	+2.59	-2.62	3.25E-05	+12.12	-12.03	2.55E-05	+39.16	-31.65	2.75E-07	+4.48	-4.51
290.0	6.32E-04	+6.69	-6.65	8.09E-05	+2.61	-2.59	2.80E-07	+2.63	-2.58	3.18E-05	+12.16	-12.03	3.06E-05	+37.82	-30.71	2.69E-07	+4.49	-4.52
292.0	6.19E-04	+6.70	-6.67	7.93E-05	+2.59	-2.59	2.75E-07	+2.59	-2.60	3.11E-05	+12.16	-12.04	3.65E-05	+36.70	-29.89	2.63E-07	+4.50	-4.50
294.0	6.06E-04	+6.70	-6.67	7.78E-05	+2.59	-2.60	2.70E-07	+2.59	-2.60	3.05E-05	+12.13	-12.02	4.31E-05	+35.76	-29.23	2.58E-07	+4.47	-4.54
296.0	5.93E-04	+6.70	-6.65	7.62E-05	+2.60	-2.57	2.64E-07	+2.59	-2.58	2.98E-05	+12.17	-12.01	5.06E-05	+34.98	-28.62	2.53E-07	+4.47	-4.55
298.0	5.81E-04	+6.70	-6.66	7.48E-05	+2.61	-2.58	2.59E-07	+2.61	-2.59	2.92E-05	+12.18	-12.02	5.91E-05	+34.36	-28.11	2.47E-07	+4.52	-4.51
300.0	5.69E-04	+6.70	-6.66	7.34E-05	+2.58	-2.59	2.54E-07	+2.59	-2.60	2.86E-05	+12.12	-12.04	6.87E-05	+33.84	-27.71	2.42E-07	+4.51	-4.51
305.0	5.42E-04	+6.73	-6.66	7.00E-05	+2.58	-2.59	2.43E-07	+2.57	-2.60	2.72E-05	+12.17	-12.00	9.82E-05	+33.10	-26.95	2.31E-07	+4.46	-4.54
310.0	5.16E-04	+6.71	-6.67	6.68E-05	+2.59	-2.56	2.32E-07	+2.62	-2.56	2.59E-05	+12.19	-12.04	1.38E-04	+33.10	-26.56	2.20E-07	+4.52	-4.52
315.0	4.92E-04	+6.71	-6.69	6.39E-05	+2.56	-2.55	2.22E-07	+2.56	-2.58	2.47E-05	+12.18	-12.01	1.92E-04	+33.79	-26.61	2.09E-07	+4.48	-4.57
320.0	4.69E-04	+6.81	-6.60	6.12E-05	+2.70	-2.52	2.12E-07	+2.70	-2.53	2.36E-05	+12.18	-11.97	2.65E-04	+35.33	-27.01	2.00E-07	+4.52	-4.47
325.0	4.49E-04	+6.72	-6.69	5.86E-05	+2.51	-2.55	2.03E-07	+2.54	-2.55	2.26E-05	+12.15	-12.07	3.69E-04	+38.12	-28.08	1.91E-07	+4.54	-4.54
330.0	4.29E-04	+6.76	-6.67	5.63E-05	+2.55	-2.51	1.95E-07	+2.55	-2.51	2.16E-05	+12.15	-12.07	5.21E-04	+43.64	-29.73	1.83E-07	+4.50	-4.61
335.0	4.12E-04	+6.75	-6.68	5.41E-05	+2.53	-2.54	1.87E-07	+2.52	-2.51	2.07E-05	+12.20	-12.04	7.61E-04	+55.84	-32.74	1.75E-07	+4.56	-4.56
340.0	3.95E-04	+6.74	-6.71	5.20E-05	+2.69	-2.55	1.80E-07	+2.66	-2.54	1.99E-05	+12.13	-12.11	1.20E-03	+174.09	-38.58	1.68E-07	+4.55	-4.61
345.0	3.80E-04	+6.76	-6.97	5.02E-05	+2.52	-4.05	1.74E-07	+2.52	-4.07	1.91E-05	+12.22	-12.21	3.28E-03	+394.49	-67.19	1.62E-07	+4.53	-4.88
350.0	3.60E-04	+7.09	-7.40	4.76E-05	+4.09	-4.95	1.65E-07	+4.11	-4.94	1.81E-05	+12.39	-12.48	1.56E-02	+126.35	-84.06	1.53E-07	+4.91	-5.35
360.0	3.18E-04	+7.65	-7.53	4.23E-05	+5.19	-5.07	1.47E-07	+5.19	-5.09	1.60E-05	+12.79	-12.61	5.14E-02	+40.85	-41.43	1.35E-07	+5.50	-5.46
370.0	2.83E-04	+7.74	-7.60	3.78E-05	+5.14	-5.01	1.31E-07	+5.16	-5.03	1.42E-05	+12.94	-12.71	8.35E-02	+24.08	-25.29	1.20E-07	+5.63	-5.56
380.0	2.54E-04	+7.75	-7.60	3.41E-05	+5.01	-4.83	1.18E-07	+5.02	-4.84	1.27E-05	+12.98	-12.82	1.10E-01	+17.07	-18.07	1.08E-07	+5.60	-5.55
390.0	2.30E-04	+7.74	-7.60	3.10E-05	+4.86	-4.65	1.07E-07	+4.89	-4.66	1.15E-05	+13.02	-12.88	1.31E-01	+13.23	-14.09	9.78E-08	+5.57	-5.54
400.0	2.09E-04	+7.72	-7.60	2.84E-05	+4.65	-4.44	9.83E-08	+4.64	-4.48	1.05E-05	+13.06	-12.88	1.48E-01	+10.91	-11.48	8.92E-08	+5.58	-5.56
420.0	1.78E-04	+7.72	-7.62	2.43E-05	+4.28	-4.17	8.41E-08	+4.28	-4.20	8.93E-06	+13.09	-12.97	1.71E-01	+8.11	-8.55	7.57E-08	+5.54	-5.57
440.0	1.54E-04	+7.71	-7.62	2.12E-05	+4.05	-3.92	7.35E-08	+4.05	-3.93	7.74E-06	+13.16	-12.99	1.84E-01	+6.54	-6.93	6.56E-08	+5.57	-5.55
450.0	1.44E-04	+7.75	-7.62	1.99E-05	+3.90	-3.84	6.91E-08	+3.92	-3.82	7.25E-06	+13.15	-13.02	1.88E-01	+6.00	-6.39	6.14E-08	+5.57	-5.56
460.0	1.36E-04	+7.72	-7.68	1.88E-05	+3.79	-3.70	6.52E-08	+3.83	-3.71	6.81E-06	+13.17	-13.02	1.91E-01	+5.61	-5.87	5.77E-08	+5.57	-5.56
480.0	1.21E-04	+7.78	-7.57	1.69E-05	+3.62	-3.58	5.85E-08	+3.66	-3.55	6.07E-06	+13.18	-13.01	1.93E-01	+4.97	-5.22	5.15E-08	+5.58	-5.56
500.0	1.09E-04	+8.25	-8.21	1.53E-05	+4.02	-4.05	5.30E-08	+4.09	-3.98	5.47E-06	+13.78	-13.59	1.92E-01	+5.49	-5.75	4.63E-08	+6.15	-6.14
520.0	9.88E-05	+8.46	-8.36	1.40E-05	+4.12	-4.14	4.84E-08	+4.14	-4.09	4.96E-06	+13.90	-13.76	1.90E-01	+5.80	-5.98	4.21E-08	+6.29	-6.29
540.0	9.02E-05	+8.64	-8.52	1.28E-05	+4.47	-4.33	4.45E-08	+4.41	-4.32	4.53E-06	+14.09	-13.92	1.85E-01	+6.39	-6.52	3.84E-08	+6.50	-6.45
550.0	8.64E-05	+8.72	-8.62	1.23E-05	+4.56	-4.42	4.27E-08	+4.50	-4.45	4.34E-06	+14.16	-14.00	1.83E-01	+6.67	-6.80	3.67E-08	+6.59	-6.52
560.0	8.28E-05	+8.82	-8.72	1.19E-05	+4.64	-4.60	4.11E-08	+4.65	-4.55	4.15E-06	+14.29	-14.09	1.80E-01	+6.95	-7.09	3.52E-08	+6.67	-6.66
580.0	7.64E-05	+9.00	-8.93	1.10E-05	+4.87	-4.88	3.81E-08	+4.90	-4.87	3.83E-06	+14.45	-14.31	1.75E-01	+7.48	-7.66	3.25E-08	+6.83	-6.87
600.0	7.06E-05	+9.30	-9.11	1.02E-05	+5.28	-5.01	3.54E-08	+5.21	-5.04	3.54E-06	+14.76	-14.48	1.69E-01	+8.15	-8.17	3.00E-08	+7.12	-7.03
620.0	6.56E-05	+9.56	-9.42	9.53E-06	+5.43	-5.35	3.30E-08	+5.41	-5.36	3.29E-06	+15.03	-14.79	1.63E-01	+8.73	-8.87	2.79E-08	+7.43	-7.36
640.0	6.10E-05	+9.88	-9.69	8.92E-06	+5.79	-5.65	3.09E-08	+5.78	-5.67	3.06E-06	+15.33	-15.08	1.56E-01	+9.45	-9.45	2.59E-08	+7.74	-7.65
650.0	5.89E-05	+10.05	-9.84	8.63E-06	+5.99	-5.81	2.99E-08	+5.97	-5.81	2.95E-06	+15.50	-15.23	1.53E-01	+9.74	-9.73	2.51E-08	+7.89	-7.79
660.0	5.69E-05	+10.21	-10.02	8.36E-06	+6.13	-5.99	2.90E-08	+6.16	-5.99	2.85E-06	+15.65	-15.41	1.50E-01	+10.06	-10.14	2.42E-08	+8.09	-7.93
680.0	5.32E-05	+10.61	-10.36	7.84E-06	+6.56	-6.28	2.72E-08	+6.56	-6.29	2.67E-06	+16.09	-15.70	1.44E-01	+10.89	-10.84	2.26E-08	+8.48	-8.30
700.0	4.98E-05	+11.07	-10.74	7.38E-06	+6.96	-6.68	2.56E-08	+6.98	-6.67	2.50E-06	+16.53	-16.11	1.38E-01	+11.64	-11.52	2.12E-08	+8.90	-8.72
720.0	4.67E-05	+11.55	-11.12	6.95E-06	+7.48	-7.09	2.41E-08	+7.46	-7.09	2.34E-06	+16.96	-16.52	1.32E-01	+12.57	-12.35	1.98E-08	+9.40	-9.07
740.0	4.38E-05	+12.08	-11.59	6.55E-06	+7.94	-7.55	2.27E-08	+7.96	-7.52	2.20E-06	+17.48	-17.04	1.26E-01	+13.40	-13.25	1.86E-08	+9.88	-9.56
750.0	4.25E-05	+12.35	-11.83	6.36E-06	+8.24	-7.79	2.20E-08	+8.26	-7.78	2.13E-06	+17.84	-17.22	1.23E-01	+13.88	-13.69	1.81E-08	+10.19	-9.82
760.0	4.12E-05	+12.62	-12.10	6.18E-06	+8.54	-8.02	2.14E-08	+8.53	-8.01	2.06E-06	+18.07	-17.50	1.20E-01	+14.42	-14.07	1.75E-08	+10.50	-10.05
780.0	3.87E-05	+13.30	-12.60	5.84E-06	+9.15	-8.56	2.02E-08	+9.18	-8.52	1.94E-06	+18.79	-17.97	1.15E-01	+15.50	-15.07	1.65E-08	+11.17	-10.57
800.0	3.65E-05	+13.99	-13.17	5.52E-06	+9.88	-9.09	1.91E-08	+9.87	-9.14	1.83E-06	+19.49	-18.58	1.10E-01	+16.71	-16.10	1.55E-08	+11.89	-11.13
820.0	3.43E-05	+14.82	-13.73	5.22E-06	+10.65	-9.67	1.81E-08	+10.66	-9.68	1.72E-06	+20.31	-19.09	1.05E-01	+17.93	-17.24	1.46E-08	+12.69	-11.68
840.0	3.24E-05	+15.63	-14.41	4.94E-06	+11.48	-10.33	1.71E-08	+11.45	-10.36	1.62E-06	+21.08	-19.81	9.99E-02	+19.33	-18.33	1.38E-08	+13.47	-12.39
850.0	3.14E-05	+16.14	-14.71	4.80E-06	+11.96	-10.63	1.66E-08	+11.95	-10.68	1.58E-06	+21.59	-20.15	9.75E-02	+20.03	-18.93	1.34E-08	+14.01	-12.68
860.0	3.05E-05	+16.61	-15.07	4.67E-06	+12.46	-10.97	1.62E-08	+12.45	-10.99	1.53E-06	+22.03	-20.55	9.52E-02	+20.79	-19.54	1.30E-08	+14.46	-13.07
880.0	2.88E-05	+17.61	-15.81	4.42E-06	+13.47	-11.67	1.53E-08	+13.41	-11.71	1.44E-06	+23.12	-21.22	9.07E-02	+22.40	-20.85	1.23E-08	+15.51	-13.73
900.0	2.72E-05	+18.76	-16.59	4.19E-06	+14.58	-12.46	1.45E-08	+14.62	-12.43	1.36E-06	+24.26	-22.01	8.64E-02	+24.11	-22.24	1.16E-08	+16.72	-14.51
920.0	2.57E-05	+19.96	-17.40	3.97E-06	+15.79	-13.27	1.38E-08	+15.78	-13.26	1.29E-06	+25.40	-22.83	8.23E-02	+25.98	-23.70	1.09E-08	+17.82	-15.38
940.0	2.43E-05	+21.39	-18.22	3.76E-06	+17.15	-14.06	1.30E-08	+17.16	-14.11	1.22E-06	+26.77	-23.68	7.83E-02	+28.02	-25.22	1.03E-08	+19.25	-16.24
950.0	2.36E-05	+22.06	-18.69	3.66E-06	+17.86	-14.55	1.27E-08	+17.92	-14.48	1.18E-06	+27.60	-24.04	7.64E-02	+29.09	-26.02	1.00E-08	+19.90	-16.69
960.0	2.29E-05	+22.89	-19.14	3.56E-06	+18.63	-14.96	1.23E-08	+18.69	-14.92	1.15E-06	+28.29	-24.52	7.45E-02	+30.23	-26.83	9.75E-09	+20.77	-17.10
980.0	2.17E-05	+24.46	-20.10	3.38E-06	+20.23	-15.91	1.17E-08	+20.22	-15.87	1.08E-06	+29.91	-25.44	7.08E-02	+32.62	-28.53	9.21E-09	+22.37	-18.04
1000.0	2.05E-05	+26.26	-21.06	3.20E-06	+22.04	-16.87	1.11E-08	+22.03	-16.86	1.02E-06	+31.79	-26.40	6.73E-02	+35.19	-30.32	8.70E-09	+24.17	-19.01